100 5 2 1 2179
1051.6 1051.6 1051.6 1051.6 1051.6
16 8 8 6 6 13 25 15 12 24 11 11 19 24 12 6 21 20 6 20 17 6 9 20 11 25 11 24 14 19 14 10 12 23 20 16 11 20 5 8 8 19 18 13 22 13 8 25 15 18 5 22 19 20 7 10 22 6 17 20 24 18 20 12 5 25 11 11 9 20 18 11 10 18 7 12 6 7 16 20 13 9 12 17 9 18 7 23 18 7 9 7 21 15 19 16 8 21 22 24
8 14 14 19 8 14 15 6 18 11 18 18 9 15 13 15 23 15 19 12 25 25 5 24 6 15 17 22 9 11 9 8 21 24 21 10 20 19 7 9 14 17 23 19 8 23 7 12 20 15 8 23 21 5 10 15 22 19 7 14 22 14 17 14 23 20 12 8 9 22 14 14 19 16 11 6 23 15 11 16 8 16 9 5 25 19 22 13 12 20 11 25 20 14 17 24 11 12 25 16
19 9 7 15 14 7 22 12 10 8 10 5 25 16 12 13 10 10 19 19 20 5 24 10 18 23 23 12 7 22 22 22 12 5 17 10 10 14 18 25 7 16 16 8 12 15 5 19 24 22 21 13 14 22 25 5 14 24 22 25 6 14 8 5 9 17 21 14 20 17 10 9 17 9 9 18 13 25 25 21 7 25 19 7 7 17 22 5 19 8 6 15 6 20 9 23 13 17 9 25
9 17 24 20 18 22 14 10 11 8 16 19 8 20 15 11 23 7 13 11 20 12 14 19 13 21 10 18 10 8 21 18 12 14 6 14 25 25 9 20 6 12 12 11 19 20 22 25 25 19 21 19 17 25 24 16 15 13 24 16 16 8 12 6 21 21 8 7 18 13 12 23 24 17 15 10 25 24 6 11 13 14 9 7 5 9 24 15 5 25 22 7 6 20 9 19 21 13 18 15
24 9 6 8 23 13 16 5 7 9 19 14 19 5 14 19 6 20 14 11 18 6 21 24 22 25 9 14 7 12 8 12 13 8 23 5 12 16 6 6 15 13 13 6 23 10 11 15 9 20 20 7 23 20 5 6 7 14 22 17 23 23 23 18 5 14 21 12 9 15 19 16 11 9 22 7 23 11 7 9 13 5 14 5 10 7 9 14 22 22 21 8 14 16 22 11 5 7 23 9
0.0 0.19 0.6 0.05 0.28
0.19 0.0 0.4 0.42 0.94
0.6 0.4 0.0 0.71 0.86
0.05 0.42 0.71 0.0 0.38
0.28 0.94 0.86 0.38 0.0
0.0 0.0 0.0 0.0 0.0
0.23 0.42
0.96 0.62
0.24 0.12
0.5 0.46
0.56 0.81
1.0 0.35 0.35 0.13 0.29 0.32 0.16 0.06 0.03 0.59 0.26 0.05 0.48 0.01 0.23 0.91 0.21 0.09 0.0 0.83 0.39 0.6 0.83 0.36 0.37 0.67 0.73 0.43 0.63 0.44 0.33 0.4 0.85 0.79 0.37 0.38 0.48 0.22 0.87 0.24 0.58 0.68 0.22 0.08 0.8 0.23 0.69 0.07 0.27 0.22 0.17 0.52 0.13 0.57 0.04 0.84 0.85 0.78 0.99 0.1 0.1 0.58 0.4 0.42 0.54 0.45 0.27 0.94 0.08 0.38 0.1 0.14 0.07 0.26 0.24 0.09 0.18 0.7 0.17 0.55 0.85 0.99 0.79 0.52 0.87 0.88 0.28 0.97 0.5 0.96 0.46 0.14 0.71 0.29 0.78 0.1 0.14 0.57 0.43 0.35
0.35 0.5 0.8 0.14 0.0 0.74 0.47 0.62 0.26 0.02 0.45 0.94 0.78 0.71 0.5 0.05 0.22 0.26 0.26 0.3 0.2 0.43 0.95 0.02 0.53 0.7 0.6 0.04 0.39 0.97 0.01 0.02 0.48 0.49 0.19 0.84 0.63 0.08 0.09 0.21 0.32 0.88 0.44 0.27 0.63 0.21 0.34 1.0 0.73 0.44 0.34 0.83 0.69 0.66 0.91 0.59 0.11 0.35 0.32 0.03 0.19 0.61 0.59 0.33 0.44 0.08 0.07 0.4 0.41 0.41 0.65 0.31 0.78 0.17 0.97 0.0 0.36 0.52 0.55 0.31 0.88 0.72 0.07 0.74 0.54 0.02 0.87 0.96 0.9 0.58 0.66 0.59 0.8 0.98 0.96 0.48 0.1 0.11 0.32 0.67
0.12 0.67 0.89 0.52 0.37 0.21 0.65 0.76 0.54 0.94 0.05 0.77 0.38 0.01 0.66 0.04 0.5 0.47 0.9 0.08 0.18 0.95 0.3 0.53 0.15 0.45 0.94 0.26 0.65 0.33 0.9 0.4 0.38 0.01 0.21 0.79 0.39 0.8 0.05 0.89 0.51 0.32 0.69 0.98 0.88 0.76 0.85 0.6 0.15 0.43 0.84 0.46 0.48 0.94 0.16 0.38 0.56 0.41 0.41 0.78 0.41 0.25 0.26 0.38 0.99 0.16 0.37 0.62 0.45 0.13 0.01 0.16 0.57 0.54 0.59 0.99 0.86 0.94 0.33 0.65 0.57 0.58 0.91 0.22 0.61 0.76 0.62 0.33 0.75 0.94 0.47 0.43 0.35 0.5 0.11 0.73 0.26 0.36 0.73 0.08
0.81 0.14 0.77 0.23 0.25 0.83 0.96 0.63 0.22 0.64 0.84 0.95 0.8 0.04 0.33 0.94 0.22 0.17 0.86 0.46 0.73 0.01 0.26 0.93 0.82 0.83 0.93 0.89 0.46 0.69 0.77 0.14 0.71 0.33 0.83 0.69 0.95 0.96 0.58 0.16 0.83 0.69 0.02 0.75 0.48 0.02 0.49 0.29 0.35 0.06 0.65 0.7 0.01 0.52 0.32 0.37 0.34 0.8 0.87 0.81 0.95 0.35 0.77 0.07 0.17 0.08 0.68 0.89 0.1 0.15 0.47 0.56 0.7 0.88 0.86 0.68 0.92 0.84 0.41 0.15 0.7 0.08 0.1 0.67 0.83 0.95 0.84 0.95 0.72 0.36 0.68 0.38 0.53 0.34 0.62 0.27 0.08 0.38 0.44 0.59
0.83 0.41 0.98 0.14 0.96 0.98 0.69 0.85 0.57 0.96 0.73 0.31 0.67 0.48 0.46 0.78 0.63 0.37 0.44 0.74 0.12 0.74 0.5 0.67 0.4 0.7 0.33 0.35 0.34 0.08 0.96 0.41 0.79 0.43 0.39 0.59 0.91 0.55 0.42 0.33 0.73 0.55 0.22 0.25 0.41 0.98 0.65 0.31 0.28 0.2 0.42 0.61 0.63 0.26 0.46 0.7 0.83 0.81 0.73 0.56 0.97 0.75 0.73 0.05 0.12 0.84 0.23 0.42 0.22 0.51 0.76 0.84 0.71 0.7 0.57 0.69 0.03 0.55 0.81 0.25 0.34 0.83 0.03 0.74 0.99 0.2 0.46 0.62 0.74 0.51 0.57 0.38 0.54 0.91 0.96 0.29 0.75 0.8 0.82 0.35
0.89 0.8 0.34 0.79 0.19 0.31 0.25 0.4 0.79 0.16 0.22 0.31 0.67 0.63 0.73 0.88 0.77 0.24 0.61 0.54 0.2 0.76 0.2 0.56 0.6 0.15 0.47 0.71 0.99 0.15 0.62 0.92 0.35 0.96 0.77 0.37 0.21 0.36 0.31 0.98 0.2 0.31 0.63 0.52 0.94 0.51 0.1 0.24 0.92 0.24 0.97 0.17 0.6 0.98 0.87 0.76 0.11 0.25 0.76 0.55 0.76 0.53 0.9 0.39 0.87 0.63 0.85 0.45 0.12 0.62 0.27 0.93 0.41 0.63 0.58 0.48 0.25 0.11 0.58 0.73 0.6 0.43 0.83 0.48 0.24 0.58 0.15 0.7 0.85 0.33 0.6 0.47 0.3 0.76 0.64 0.13 0.43 0.12 0.48 0.95
0.25 0.92 0.1 0.66 0.96 0.91 0.8 0.77 0.57 0.86 0.94 0.78 0.23 0.6 0.65 0.98 0.41 0.16 0.35 0.38 0.22 0.83 0.84 0.52 0.69 0.74 0.53 0.46 0.97 0.52 0.26 0.55 0.17 0.73 0.78 0.73 0.75 0.81 0.86 0.48 0.9 0.63 0.34 0.63 0.22 0.3 0.54 0.21 0.3 0.52 0.8 0.28 0.15 0.91 0.52 0.77 0.17 0.39 0.44 0.48 0.56 0.91 0.22 0.7 0.88 0.58 0.84 0.63 0.36 0.55 0.91 0.3 0.94 0.88 0.18 0.5 0.92 0.93 0.22 0.31 0.36 0.56 0.67 0.92 0.39 0.29 0.84 0.36 0.53 0.1 0.11 0.16 0.17 0.52 0.82 0.68 0.6 0.65 0.4 0.98
0.57 0.54 0.45 0.73 0.93 0.38 0.17 0.16 0.21 0.14 0.8 0.3 0.29 0.9 0.7 0.54 0.93 0.18 0.33 0.45 0.48 0.44 0.22 0.86 0.25 0.55 0.89 0.57 0.9 0.46 0.6 0.88 0.57 0.27 0.81 0.87 0.89 0.25 0.74 0.77 0.67 0.16 0.85 0.49 0.13 0.32 0.47 0.24 0.76 0.15 0.12 0.79 0.9 0.43 0.53 0.31 0.76 0.69 0.56 0.57 0.63 0.27 0.77 0.28 0.6 0.68 0.73 0.98 0.27 0.82 0.57 0.42 0.41 0.98 0.42 0.97 0.84 0.51 0.7 0.14 0.51 0.4 0.27 0.98 0.32 0.45 0.86 0.24 0.23 0.97 0.7 0.8 0.73 0.27 0.45 0.57 0.4 0.9 0.3 0.67
0.92 0.1 0.72 0.3 0.28 0.37 0.55 0.25 0.59 0.96 0.55 0.22 0.76 0.87 0.74 0.44 0.49 0.33 0.42 0.58 0.19 0.66 0.37 0.55 0.38 0.22 0.45 0.89 0.91 0.44 0.12 0.56 0.15 0.9 0.14 0.95 0.95 0.93 0.21 0.67 0.45 0.28 0.57 0.63 0.37 0.27 0.77 0.35 0.75 0.3 0.75 0.6 0.78 0.16 0.75 0.56 0.81 0.89 0.34 0.69 0.27 0.34 0.87 0.26 0.21 0.74 0.6 0.6 0.42 0.47 0.72 0.75 0.31 0.85 0.48 0.56 0.72 0.67 0.72 0.75 0.17 0.52 0.3 0.9 0.21 0.12 0.35 0.6 0.39 0.54 0.23 0.14 0.14 0.21 0.26 0.67 0.2 0.86 0.88 0.31
0.8 0.61 0.38 0.5 0.32 0.45 0.7 0.32 0.66 0.82 0.43 0.37 0.96 0.41 0.72 0.9 0.92 0.32 0.62 0.84 0.73 0.33 0.97 0.29 0.33 0.68 0.11 0.7 0.79 0.75 0.36 0.85 0.24 0.39 0.89 0.16 0.72 0.95 0.72 0.53 0.77 0.27 0.52 0.72 0.17 0.2 0.83 0.8 0.41 0.56 0.29 0.84 0.8 0.63 0.29 0.87 0.91 0.89 0.64 0.24 0.67 0.78 0.53 0.33 0.47 1.0 0.66 0.44 0.99 0.33 0.87 0.24 0.92 0.58 0.64 0.75 0.93 0.17 0.38 0.7 0.79 0.64 0.86 0.59 0.3 0.6 0.79 0.72 0.36 0.43 0.98 0.89 0.83 0.28 0.53 0.93 0.54 0.97 0.98 0.5
