100 10 2 1 2303
1011.2 1011.2 1011.2 1011.2 1011.2 1011.2 1011.2 1011.2 1011.2 1011.2
15 15 23 10 18 24 18 8 24 10 15 15 16 6 24 9 25 13 21 17 9 19 13 17 6 19 13 16 24 11 12 7 8 20 17 22 22 11 6 6 13 5 13 7 19 24 25 16 22 8 11 11 17 18 17 22 9 23 13 23 23 11 13 23 8 15 21 20 17 15 14 13 8 10 16 10 14 14 22 10 17 5 8 25 6 16 12 18 6 5 21 10 7 11 21 10 6 10 8 18
13 21 17 18 12 6 23 24 15 16 18 24 8 11 21 11 11 8 7 15 12 20 9 5 13 18 17 11 14 9 20 23 11 15 12 19 23 21 24 17 7 5 23 17 8 22 25 9 24 10 5 6 8 14 18 7 18 9 15 16 11 20 21 22 21 17 16 6 14 21 14 9 8 8 20 18 16 14 8 5 8 16 20 14 15 16 10 24 18 14 9 16 10 21 21 5 8 16 20 16
22 22 23 18 6 10 25 14 12 19 12 15 18 5 18 16 14 10 16 8 13 12 19 11 22 19 13 19 13 22 17 11 6 24 8 20 17 22 8 9 23 18 20 25 17 17 11 9 5 7 14 20 18 6 23 23 8 23 7 11 11 19 21 13 17 17 19 10 18 9 21 25 16 9 11 16 21 18 8 11 15 8 20 13 16 22 16 5 23 15 6 9 11 25 17 14 13 22 11 22
23 16 13 6 14 20 23 14 23 18 6 17 11 19 23 8 23 22 15 9 12 8 18 8 10 9 23 6 22 11 15 17 21 14 5 9 18 22 17 9 10 24 6 11 14 18 15 18 24 25 19 7 24 12 5 5 12 10 8 8 16 10 5 19 9 21 5 13 22 19 9 13 25 21 23 8 10 17 24 20 14 15 16 6 22 9 14 8 12 7 7 22 16 20 15 11 14 10 5 23
5 7 25 13 15 7 23 20 20 19 11 22 11 10 7 6 12 8 20 11 11 25 22 6 5 22 5 12 17 15 21 20 20 5 9 19 9 16 22 10 23 19 16 21 6 5 21 12 6 13 23 7 23 13 18 18 13 6 5 13 7 9 15 15 19 11 24 13 10 17 18 7 14 15 20 16 19 19 22 9 21 8 17 15 10 24 11 10 14 16 14 20 15 8 18 18 25 7 14 23
9 21 6 16 21 6 25 12 7 25 10 24 21 8 7 5 9 9 15 13 23 24 22 21 11 25 12 14 7 18 24 21 6 20 9 13 5 25 7 14 14 21 25 6 12 25 13 23 20 12 18 5 25 24 19 23 13 14 15 7 6 9 19 10 18 12 18 16 20 20 10 18 10 19 5 10 13 12 12 6 13 10 5 16 18 22 19 19 17 11 25 10 15 11 16 16 8 24 17 24
7 19 24 8 9 8 13 9 19 7 25 10 15 12 23 12 8 17 10 13 14 5 23 24 18 24 19 17 10 18 17 18 20 5 6 24 15 7 19 15 20 5 23 12 11 23 17 10 20 9 14 16 5 11 22 8 25 16 13 22 22 10 12 7 9 11 15 23 15 21 16 25 8 21 11 25 11 16 5 21 21 6 9 17 19 13 15 17 21 9 12 19 18 12 11 18 13 24 6 6
19 5 19 5 22 16 14 22 21 13 16 13 20 20 9 8 21 13 20 23 21 19 18 7 12 18 18 12 13 6 7 21 15 23 19 8 10 22 21 16 5 17 24 19 16 16 5 6 14 21 25 20 14 10 20 17 5 10 6 24 15 5 18 16 6 21 11 16 10 18 25 7 14 12 20 18 17 5 15 22 23 11 16 10 20 24 15 12 11 17 9 13 10 10 15 11 14 22 16 20
18 14 6 15 11 11 12 9 8 16 12 16 9 8 16 21 15 10 18 23 10 7 8 8 17 13 5 5 25 5 25 9 24 21 8 25 11 20 18 15 7 10 23 9 5 14 20 21 8 13 16 21 21 8 15 6 8 25 18 5 14 15 20 14 11 11 12 16 12 14 7 11 20 17 9 21 7 9 18 7 22 10 6 15 21 14 21 7 13 19 11 12 7 18 23 7 14 14 19 24
8 15 25 12 21 6 9 15 17 17 24 24 5 24 10 18 18 20 23 7 25 11 10 11 18 5 7 7 10 5 24 19 5 8 13 15 10 19 23 5 9 9 20 24 14 20 14 6 9 19 24 18 25 11 15 21 21 20 6 11 22 24 25 7 11 25 22 22 7 15 12 7 16 19 14 25 23 15 14 22 6 7 21 14 6 18 22 13 11 19 18 20 8 10 7 10 23 24 12 19
0.0 0.89 0.84 0.46 0.36 0.99 0.57 0.43 0.87 0.75
0.89 0.0 0.55 0.4 0.2 0.71 0.16 0.97 0.42 0.04
0.84 0.55 0.0 0.6 0.98 0.35 0.81 0.13 0.95 0.27
0.46 0.4 0.6 0.0 0.21 0.39 0.26 0.03 0.18 0.89
0.36 0.2 0.98 0.21 0.0 0.63 0.32 0.75 0.2 0.2
0.99 0.71 0.35 0.39 0.63 0.0 0.02 0.52 0.95 0.26
0.57 0.16 0.81 0.26 0.32 0.02 0.0 0.79 0.14 0.69
0.43 0.97 0.13 0.03 0.75 0.52 0.79 0.0 0.16 0.75
0.87 0.42 0.95 0.18 0.2 0.95 0.14 0.16 0.0 0.74
0.75 0.04 0.27 0.89 0.2 0.26 0.69 0.75 0.74 0.0
0.0 0.0 0.0 0.0 0.0 0.0 0.0 0.0 0.0 0.0
0.4 0.65
0.22 0.34
0.82 0.13
0.3 0.55
0.67 0.32
0.16 0.42
0.73 0.6
0.4 0.41
0.21 0.13
0.66 0.42
0.63 0.28 0.67 0.03 0.59 0.23 0.03 0.07 0.67 0.06 0.28 0.11 0.9 0.32 0.27 0.35 0.88 0.57 0.05 0.15 0.42 0.56 0.77 0.07 0.27 0.49 0.77 0.97 0.71 0.55 0.81 0.99 0.71 0.59 0.05 0.38 0.03 0.88 0.65 0.51 0.48 0.85 0.18 0.81 0.96 0.03 0.91 0.06 0.56 0.81 0.05 0.05 0.51 0.95 0.09 0.33 0.87 0.36 0.94 0.7 0.88 0.53 0.52 0.13 0.87 0.03 0.74 0.86 0.29 0.72 0.74 0.59 0.31 0.68 0.52 0.67 0.15 0.75 0.7 0.63 0.86 0.83 0.96 0.1 0.0 0.83 0.81 0.4 0.22 0.02 0.4 0.09 0.49 0.73 0.34 0.53 0.05 0.71 0.2 0.75
0.49 0.65 0.1 0.81 0.67 0.85 0.74 0.97 0.43 0.59 0.08 0.91 0.84 0.03 0.7 0.89 0.93 1.0 0.2 0.41 0.29 0.66 0.85 0.16 0.17 0.99 0.74 0.29 0.49 0.53 0.72 0.91 0.59 0.95 0.72 0.73 0.0 0.02 0.35 0.43 0.25 0.64 0.56 0.78 0.54 0.04 0.89 0.49 0.57 0.18 0.02 0.93 0.48 0.18 0.11 0.55 0.87 0.85 0.61 0.41 0.89 0.05 0.09 0.88 0.54 0.91 0.43 0.68 0.64 0.9 0.09 0.73 0.93 0.95 0.01 0.18 0.5 0.21 0.42 0.2 0.02 0.09 0.69 0.19 0.73 0.08 0.37 0.65 0.78 0.12 0.12 0.02 0.96 0.09 0.47 0.18 0.84 0.24 0.09 0.2
0.26 0.64 0.69 0.23 0.89 0.64 0.94 0.78 0.14 0.74 0.36 0.69 0.86 0.42 0.66 0.33 0.24 0.56 0.06 0.23 0.96 0.58 0.51 0.09 0.22 0.95 0.38 0.44 0.21 0.38 0.59 0.2 0.21 0.35 0.23 0.93 0.97 0.73 0.67 0.93 0.49 0.78 0.31 0.08 0.88 0.3 0.38 0.2 0.84 0.09 0.15 0.05 0.16 0.33 0.59 0.41 0.64 0.99 0.4 0.89 0.37 0.1 0.37 0.83 0.05 0.14 0.95 0.94 0.08 0.12 0.55 0.19 0.41 0.21 0.82 0.08 0.29 0.73 0.3 0.08 0.47 0.7 0.44 0.64 0.56 0.27 0.03 0.53 0.32 0.11 0.82 0.8 0.81 0.05 0.79 0.76 0.89 0.15 0.37 0.4
0.09 0.6 0.54 0.42 0.32 0.39 0.63 0.88 0.85 0.42 0.93 0.95 0.0 0.71 0.16 0.24 0.12 0.58 0.03 0.85 0.26 0.85 0.72 0.67 0.08 0.23 0.05 0.7 0.37 0.59 0.82 0.2 0.11 0.43 0.34 0.5 0.04 0.26 0.82 0.31 0.83 0.56 0.73 0.96 0.16 0.29 0.37 0.71 0.4 0.96 0.48 0.62 0.13 0.83 0.7 0.26 0.62 0.38 0.73 0.63 0.18 0.16 0.55 0.65 0.95 0.97 0.49 0.16 0.53 0.69 0.46 0.43 0.14 0.22 0.44 0.72 0.07 0.55 0.01 0.22 0.37 0.06 0.32 0.85 0.3 0.23 0.71 0.16 0.99 0.49 0.84 0.17 0.09 0.1 0.14 0.51 0.44 0.49 0.28 0.51
0.44 0.11 0.31 0.08 0.79 0.32 0.99 0.88 1.0 0.67 0.8 0.67 0.24 1.0 0.79 0.59 0.74 0.84 0.4 0.24 0.99 0.46 0.8 0.12 0.03 0.18 0.62 0.99 0.3 0.59 0.28 0.54 0.07 0.24 0.52 0.48 0.7 0.24 0.17 0.87 0.19 0.24 0.72 0.67 0.1 0.52 0.59 0.65 0.17 0.04 0.74 0.96 0.01 0.57 0.89 0.93 0.77 0.57 0.09 0.69 0.51 0.65 0.06 0.91 0.68 0.35 0.53 0.96 0.14 0.11 0.97 0.05 0.22 0.75 0.68 0.61 0.89 0.6 0.69 0.16 0.11 0.95 0.79 0.4 0.58 0.2 0.91 0.35 0.06 0.88 0.71 0.71 0.8 0.9 0.74 0.94 0.44 0.68 0.67 0.62
0.8 0.48 0.51 0.01 0.71 0.54 0.02 0.51 0.33 0.85 0.32 0.08 0.51 0.36 0.42 0.9 0.66 0.44 0.32 0.33 0.06 0.2 0.05 0.03 0.85 0.17 0.98 0.99 0.78 0.66 0.96 0.71 0.65 0.44 0.92 0.33 0.53 0.16 0.11 0.89 0.92 0.75 0.67 0.33 0.54 0.82 0.94 0.48 0.12 0.86 0.74 0.19 0.31 0.67 0.55 0.01 0.92 0.3 0.56 0.62 0.33 0.68 0.17 0.43 0.6 0.42 0.31 0.84 0.91 0.6 0.05 0.33 0.94 0.81 0.62 0.73 0.55 0.57 0.47 0.22 0.06 0.71 0.05 0.98 0.01 0.25 0.54 0.22 0.97 0.6 0.02 0.09 0.56 0.36 0.61 0.67 0.01 0.84 0.06 0.66
0.84 0.74 1.0 0.9 0.81 0.82 0.61 0.72 0.03 0.51 0.93 0.28 0.94 0.49 0.53 0.89 0.11 0.6 0.15 0.21 0.67 0.68 0.68 0.06 0.03 0.9 0.72 0.41 0.18 0.91 0.67 1.0 0.54 0.2 0.6 0.33 0.62 0.69 0.35 0.84 0.19 0.89 0.12 0.09 0.57 0.13 0.86 0.22 0.84 0.78 0.38 0.98 0.17 0.69 0.9 0.16 0.94 0.3 1.0 0.09 0.95 0.76 0.27 0.83 0.99 0.09 0.24 0.29 0.12 0.48 0.71 0.93 0.53 0.23 0.97 0.05 0.49 0.57 0.98 0.99 0.17 0.87 0.25 0.98 0.88 0.41 0.44 0.32 0.25 0.22 0.1 0.15 0.75 0.06 0.06 0.73 0.25 0.07 0.9 0.05
0.78 0.43 0.34 0.26 0.17 0.52 0.11 0.82 0.27 0.0 0.07 0.88 0.42 0.19 0.64 0.73 0.67 0.35 0.34 0.69 0.77 0.3 0.3 0.96 0.44 0.93 0.71 0.77 0.57 0.84 0.4 0.13 0.47 0.53 0.58 0.44 0.41 0.07 0.85 0.33 0.61 0.69 0.36 0.56 0.81 0.33 0.73 0.93 0.72 0.66 0.17 0.16 0.02 0.23 0.08 0.15 0.43 0.3 0.25 0.97 0.17 0.69 0.95 0.54 0.48 0.52 0.81 0.49 0.14 0.47 0.45 0.22 0.59 0.87 0.47 0.82 0.84 0.98 0.35 0.14 1.0 0.26 0.85 0.67 0.75 0.99 0.65 0.7 0.84 0.61 0.66 0.11 0.38 0.89 0.36 0.38 0.5 0.71 0.07 0.43
0.85 0.48 0.34 0.22 0.29 0.81 0.06 0.91 0.63 0.97 0.24 0.78 0.94 0.86 0.81 0.59 0.4 0.77 0.47 0.26 0.02 0.61 0.17 0.22 0.61 0.72 0.09 0.66 0.58 0.42 0.64 0.18 0.27 0.27 0.85 0.98 0.7 0.25 0.67 0.56 0.71 0.71 0.08 0.03 0.85 0.75 0.6 0.55 0.19 0.97 0.95 0.96 0.38 0.28 0.71 0.24 0.76 0.73 0.67 0.3 0.36 0.6 0.6 0.57 0.14 0.67 0.03 0.85 0.53 0.24 0.74 0.07 0.1 0.81 0.47 0.69 0.68 0.82 0.61 0.83 0.23 0.03 0.53 0.73 0.43 0.65 0.45 0.76 0.31 0.85 0.75 0.3 0.62 0.83 0.3 0.16 0.81 0.83 0.92 0.22
0.13 0.54 0.58 0.42 0.37 0.11 0.46 0.18 0.18 0.65 0.78 0.36 0.59 0.12 0.7 0.02 0.82 0.32 0.38 0.69 0.98 0.51 0.52 0.04 0.78 0.57 0.2 0.93 1.0 0.63 0.55 0.61 0.23 0.49 0.94 0.87 0.78 0.25 0.35 0.16 0.67 0.27 0.9 0.21 0.03 0.47 0.44 0.12 0.89 0.44 0.77 0.91 0.92 0.94 0.53 0.66 0.2 0.01 0.34 0.07 0.54 0.57 0.85 1.0 0.65 0.41 0.47 0.28 0.27 0.74 0.03 0.46 0.28 0.34 0.58 0.17 0.43 0.95 0.44 0.21 0.23 0.63 0.09 0.15 0.22 0.51 0.0 0.29 0.85 0.88 0.21 0.51 0.69 0.65 0.96 0.61 0.51 0.82 0.81 0.2
0.19 0.92 0.12 0.39 0.25 0.87 0.21 0.54 0.39 0.55 0.22 0.88 0.73 0.63 0.62 0.75 0.73 0.59 0.3 0.54 0.24 0.52 0.15 0.18 0.69 0.72 0.74 0.86 0.55 0.74 0.74 0.6 0.28 0.38 0.53 0.21 0.13 0.82 0.59 0.78 0.86 0.25 0.22 0.63 0.52 0.21 0.73 0.71 0.21 0.12 0.41 0.77 0.57 0.83 0.94 0.46 0.69 0.86 0.45 0.61 0.79 0.96 0.62 0.44 0.85 0.93 0.36 0.65 0.91 0.17 0.59 0.62 0.66 0.2 0.77 0.12 0.76 0.78 0.45 0.93 0.55 0.87 0.68 0.27 0.91 0.76 0.62 0.36 0.36 0.47 0.35 0.35 0.76 0.36 0.74 0.66 0.68 0.72 0.74 0.9
0.26 0.53 0.24 0.55 0.63 0.51 0.58 0.26 0.19 0.92 0.67 0.33 0.17 0.3 0.38 0.18 0.72 0.33 0.41 0.35 0.69 0.89 0.55 0.12 0.59 0.49 0.75 0.11 0.98 0.84 0.78 0.37 1.0 0.56 0.51 0.24 0.99 0.59 0.88 0.66 0.16 0.3 0.62 0.54 0.61 0.28 0.85 0.53 0.51 0.48 0.35 0.21 0.17 0.66 0.2 0.6 0.27 0.86 0.71 0.85 0.42 0.34 0.36 0.28 0.67 0.13 0.93 0.84 0.63 0.85 0.68 0.16 0.57 0.4 0.17 0.17 0.89 0.76 0.92 0.78 0.64 0.26 0.19 0.29 0.46 0.99 0.9 0.24 0.52 0.76 0.9 0.7 0.93 0.65 0.7 0.19 0.41 0.71 0.55 0.56
0.91 0.64 0.12 0.66 0.67 0.58 0.91 0.73 0.45 0.51 0.35 0.88 0.44 0.96 0.17 0.41 0.8 0.1 0.37 0.24 0.68 0.47 0.65 0.54 0.91 0.76 0.64 0.25 0.43 0.96 0.79 0.43 0.68 0.66 0.65 0.81 0.77 0.24 0.39 0.36 0.86 0.99 0.99 0.56 0.43 0.32 0.61 0.98 0.78 0.43 0.87 0.89 0.78 0.17 0.39 0.41 0.31 0.95 0.58 0.74 0.75 0.41 0.9 0.78 0.64 0.89 0.95 0.71 0.78 0.57 0.2 0.77 0.68 0.58 0.62 0.11 0.11 0.81 0.99 0.2 0.53 0.81 0.42 0.44 0.66 0.65 0.17 0.37 0.86 0.41 0.24 0.32 0.82 0.14 0.22 0.34 0.39 0.35 0.7 0.19
1.0 0.45 0.69 0.98 0.13 0.58 0.25 0.34 0.62 0.67 0.24 0.19 0.87 0.57 0.28 0.31 0.76 0.67 0.35 0.24 0.84 0.61 0.48 0.42 0.15 0.24 0.9 0.34 0.39 0.66 0.65 0.29 0.69 0.49 0.95 0.23 0.8 0.65 0.32 0.77 0.49 0.55 0.85 0.76 0.38 0.3 0.75 0.42 0.32 0.68 0.36 0.82 0.2 0.24 0.4 0.29 0.35 0.86 0.57 0.98 0.77 0.61 0.8 0.22 0.85 0.87 0.39 0.63 0.85 0.31 0.4 0.21 0.98 0.23 0.62 0.97 0.82 0.56 0.89 0.53 0.23 0.5 0.27 0.74 1.0 0.66 0.28 0.86 0.24 0.94 0.87 0.17 1.0 0.36 0.88 0.91 0.82 0.56 0.2 0.81
0.97 0.96 0.49 0.95 0.44 0.2 0.17 0.43 0.78 0.43 0.49 0.89 0.17 0.41 0.44 0.58 0.91 0.54 0.36 0.95 0.47 0.46 0.65 0.76 0.32 0.86 0.14 0.94 0.85 0.26 0.23 0.84 0.4 0.67 0.45 0.47 0.68 0.28 0.39 0.81 0.55 0.37 0.76 0.3 0.94 0.46 0.39 0.91 0.58 0.87 0.9 0.93 0.48 0.25 0.33 0.15 0.12 0.44 0.97 0.73 0.54 0.82 0.42 0.12 0.93 0.37 0.53 0.77 0.77 0.27 0.33 0.28 0.42 0.38 0.86 0.93 0.56 0.54 0.51 0.4 0.27 0.14 0.25 0.99 0.73 0.32 0.57 0.24 0.77 0.4 0.45 0.39 0.62 0.18 0.15 0.48 0.92 0.89 0.92 0.86
0.9 0.97 0.92 0.15 0.22 0.8 0.57 0.55 0.19 0.52 0.98 0.96 0.26 0.18 0.61 0.84 0.53 0.79 0.66 0.55 0.9 0.16 0.28 0.44 0.33 0.43 0.86 0.41 0.27 0.14 0.47 0.58 0.67 0.74 0.68 0.77 0.51 0.49 0.45 0.35 0.69 0.36 0.71 0.15 0.14 0.96 0.38 0.48 0.64 0.52 0.92 0.24 0.26 0.42 0.74 0.31 0.34 0.26 0.21 0.31 0.18 0.95 0.91 0.22 0.58 0.43 0.18 0.38 0.63 0.5 0.85 0.27 0.16 0.3 0.1 0.79 0.69 0.28 0.14 0.55 0.24 0.66 0.65 0.39 0.41 0.65 0.89 0.38 0.17 0.9 1.0 0.72 0.63 0.19 0.92 0.22 0.77 0.9 0.51 0.56
0.7 0.17 0.57 0.13 0.64 0.74 0.87 0.57 0.71 0.4 0.59 0.94 0.8 0.51 0.87 0.64 0.38 0.22 0.59 0.45 0.98 0.69 0.48 0.35 0.76 0.75 0.96 0.56 0.3 0.1 0.42 0.31 0.68 0.95 0.65 0.59 0.59 0.43 0.72 0.84 0.77 0.52 0.92 0.3 0.18 0.86 0.37 0.98 0.25 0.97 0.45 0.72 0.36 0.15 0.27 0.53 0.23 0.5 0.96 0.63 0.82 0.39 0.76 0.21 0.93 0.19 0.64 0.25 0.38 0.26 0.59 0.49 0.27 0.88 0.13 0.12 0.68 0.81 0.54 0.88 0.24 0.22 0.2 0.77 0.17 0.78 0.83 0.9 0.21 0.61 0.31 0.75 0.86 0.68 0.59 0.8 0.12 0.13 0.6 0.85
0.23 0.13 0.41 0.4 0.13 0.26 0.51 0.42 0.61 0.82 0.18 0.53 0.17 0.82 0.6 0.17 0.62 0.28 0.31 0.18 0.23 0.31 0.11 0.5 0.27 0.33 0.24 0.71 0.82 0.33 0.54 0.55 0.66 0.49 0.32 0.44 0.93 0.54 0.22 0.45 0.32 0.33 0.79 0.24 0.17 0.52 0.3 0.84 0.2 0.89 0.29 0.92 0.45 0.55 0.41 0.68 0.46 0.3 0.87 0.39 0.25 0.43 0.12 0.21 0.32 0.45 0.69 0.85 0.25 0.78 0.85 0.3 0.89 0.25 0.37 0.43 0.22 0.41 0.3 0.88 0.51 0.77 0.24 0.96 0.25 0.31 0.81 0.28 0.24 0.14 0.97 0.56 0.96 0.94 0.92 0.13 0.24 0.61 0.45 0.45
0.75 0.62 0.55 0.96 0.3 0.26 0.94 0.64 0.22 0.28 0.35 0.43 0.37 0.92 0.46 0.43 0.94 0.52 0.77 0.58 0.3 0.37 0.27 0.84 0.85 0.42 0.89 0.21 0.24 0.93 0.79 0.4 0.34 0.87 0.59 0.92 0.82 0.23 0.11 0.57 0.37 0.71 0.59 0.72 0.12 0.69 0.11 0.97 0.14 0.75 0.51 0.49 0.27 0.3 0.6 0.86 0.55 0.75 0.86 0.57 1.0 0.31 0.55 0.34 0.86 0.68 0.67 0.86 0.58 0.79 0.41 0.11 0.57 0.69 0.73 0.22 0.17 0.46 0.65 0.11 0.75 0.17 0.88 0.92 0.69 0.13 0.73 0.14 0.17 0.93 0.8 0.87 1.0 0.96 0.46 0.43 0.94 0.8 0.33 0.48
0.46 0.89 0.28 0.67 0.31 0.9 0.69 0.43 0.49 0.41 0.33 0.67 0.63 0.24 0.42 0.77 0.61 0.28 0.92 1.0 0.13 0.16 0.61 0.79 0.11 0.85 0.11 0.43 0.29 0.92 0.2 0.74 0.74 0.24 0.55 0.46 0.26 0.75 0.34 0.37 0.61 0.12 0.62 0.15 0.82 0.69 0.21 0.45 0.39 0.94 0.55 0.94 0.7 0.21 0.89 0.54 0.77 0.49 0.63 0.91 0.96 0.35 0.32 0.7 0.32 0.72 0.29 0.92 0.43 0.64 0.71 0.56 0.73 0.45 0.72 0.81 0.5 0.41 0.9 0.75 0.37 0.86 0.87 0.25 0.46 0.56 0.35 0.82 0.52 0.92 0.6 0.68 0.85 0.42 0.53 0.63 0.66 0.66 0.53 0.15
