100 20 2 1 2440
1021.0 1021.0 1021.0 1021.0 1021.0 1021.0 1021.0 1021.0 1021.0 1021.0 1021.0 1021.0 1021.0 1021.0 1021.0 1021.0 1021.0 1021.0 1021.0 1021.0
25 19 21 21 23 18 8 13 5 23 16 13 5 19 16 23 7 11 23 22 5 13 21 22 10 15 11 12 19 17 23 8 15 21 15 17 25 18 20 9 17 19 5 9 7 17 16 10 25 25 6 9 8 7 22 21 7 23 18 17 14 13 12 7 25 21 14 14 10 5 16 24 17 11 24 18 8 24 5 6 12 9 15 18 22 13 7 10 11 19 10 7 11 23 21 21 10 16 16 20
19 25 20 25 7 18 23 12 9 22 20 21 16 6 17 12 18 17 15 19 5 20 8 17 13 23 19 24 18 19 14 17 10 11 7 21 14 18 10 15 12 17 8 20 25 22 7 10 10 23 6 13 8 23 21 12 15 12 7 20 25 7 8 12 10 7 14 10 10 20 14 16 6 14 6 11 23 11 23 9 11 5 9 22 17 24 20 23 16 11 18 18 16 6 22 14 24 22 13 6
25 11 16 12 20 21 11 24 14 16 12 10 20 24 5 13 6 11 16 24 16 6 5 25 14 25 7 15 25 14 11 8 17 20 7 12 9 19 6 23 13 17 15 13 18 22 19 22 25 7 9 21 18 21 6 17 16 11 10 5 19 7 15 16 18 16 25 8 14 6 7 25 20 8 25 10 10 8 8 5 18 13 25 8 25 16 21 20 9 17 13 5 9 14 12 5 21 11 12 22
13 9 23 16 24 25 17 23 23 18 17 25 5 19 22 15 24 16 23 18 7 17 12 16 18 25 12 14 5 6 22 8 18 16 25 6 24 20 8 6 17 22 9 10 12 22 11 7 9 22 18 18 12 19 7 6 19 7 17 15 15 18 16 11 17 5 25 14 25 6 14 20 20 8 19 21 5 20 23 5 19 9 7 13 21 13 7 5 6 15 13 13 20 6 10 24 7 6 18 13
19 13 23 24 22 11 18 17 9 9 12 9 24 14 22 11 13 6 22 17 7 6 23 16 7 9 21 9 23 25 23 20 9 23 13 15 6 16 21 24 17 17 21 21 9 20 16 8 21 23 5 22 12 11 11 5 25 9 14 11 23 11 24 17 17 21 13 6 11 8 9 13 11 16 10 23 6 8 14 17 9 24 21 9 10 25 19 25 14 23 20 19 9 12 12 21 7 25 22 23
14 7 10 8 20 20 6 15 9 24 22 21 11 23 14 24 11 14 10 6 9 5 17 10 25 22 24 25 25 16 15 17 6 19 21 25 14 23 12 20 20 24 21 9 22 16 22 5 13 25 25 23 18 6 16 18 7 14 24 23 9 10 17 19 20 5 6 20 21 6 24 21 22 25 16 19 18 7 15 12 22 22 20 6 15 12 5 7 5 22 19 6 18 11 11 8 21 22 17 18
6 7 6 8 10 23 8 20 13 6 6 7 25 12 11 6 12 21 8 18 21 16 13 24 24 10 14 22 11 6 24 23 21 7 8 14 8 19 10 14 14 21 15 5 5 21 20 21 10 20 6 14 13 8 17 5 8 14 8 18 10 7 24 13 7 15 12 18 8 25 18 15 11 20 12 20 11 14 8 19 13 24 25 25 14 14 22 19 21 9 24 19 16 8 5 7 24 23 22 14
12 8 21 16 18 19 18 25 5 15 6 24 9 22 17 10 20 15 14 18 9 25 21 17 21 5 11 19 7 14 25 20 21 16 12 12 18 15 14 10 10 5 18 24 20 17 23 22 13 7 7 12 6 22 23 5 20 15 18 18 12 7 12 17 8 8 13 18 14 25 11 19 10 7 25 18 14 10 5 19 22 13 21 12 14 20 17 5 12 20 15 20 14 13 13 11 7 8 10 18
21 9 15 13 18 10 25 10 16 12 20 25 7 18 22 6 16 14 10 22 11 5 22 6 20 10 24 5 20 20 15 13 20 20 11 16 23 8 22 15 14 5 19 12 18 10 9 20 10 17 14 25 6 13 10 8 23 17 8 11 7 13 17 6 19 20 5 13 23 21 18 8 18 16 14 19 6 18 12 18 20 22 22 8 5 13 7 25 23 10 9 8 15 6 9 5 10 10 24 7
15 5 23 12 5 25 24 11 6 8 21 11 21 15 16 20 15 24 25 17 16 24 14 11 11 20 17 25 7 6 13 6 12 20 8 7 13 16 20 10 18 15 10 13 18 9 22 22 25 18 10 9 6 13 6 23 17 18 25 12 24 19 12 6 13 7 20 9 19 17 9 6 23 20 13 5 14 19 12 6 20 14 24 11 9 18 14 17 14 24 25 20 19 19 11 7 22 14 10 10
5 17 25 25 15 14 23 7 12 10 23 22 23 8 24 5 5 7 12 18 7 14 19 19 23 12 23 23 18 23 16 17 22 19 13 11 15 11 10 17 19 22 24 24 19 10 19 19 16 5 13 8 15 9 11 6 24 7 12 20 22 13 16 11 6 17 23 15 11 23 5 8 16 14 14 16 8 15 9 21 11 11 7 5 23 12 12 20 12 23 9 20 23 24 9 11 19 21 13 24
25 8 11 24 9 16 13 23 5 21 20 6 7 23 17 10 10 11 20 7 20 11 16 14 21 20 20 25 9 22 11 11 16 8 24 8 17 21 14 19 20 9 10 9 19 9 18 12 25 5 18 21 13 22 23 8 15 15 24 15 14 7 16 23 22 8 18 25 7 23 12 10 8 21 15 7 18 19 20 7 9 7 23 24 23 18 18 7 12 25 10 19 17 14 11 20 23 17 24 16
16 24 6 9 19 21 7 14 19 13 20 8 24 15 7 15 11 5 13 18 7 9 23 16 18 14 21 20 25 5 6 15 5 11 23 21 16 8 17 21 15 25 10 22 16 11 23 20 23 12 8 21 18 16 25 18 8 15 8 11 21 23 19 11 18 9 18 17 14 21 14 6 8 6 19 10 19 22 11 7 5 13 25 7 23 5 11 11 14 19 6 17 24 7 13 6 5 7 24 14
19 22 15 14 22 10 21 5 5 6 18 11 23 24 13 11 14 7 13 12 8 11 20 10 21 21 22 22 10 11 19 22 16 8 25 6 23 11 11 15 9 9 21 9 5 11 10 17 20 8 17 24 19 23 25 11 13 10 6 19 9 17 22 8 19 19 8 7 10 22 7 19 5 9 21 11 15 20 22 14 19 13 23 15 12 12 19 24 21 24 19 20 16 10 9 9 9 5 15 21
6 12 5 9 8 16 12 16 25 10 14 23 8 14 10 18 24 18 15 13 11 16 5 14 19 17 15 22 13 7 13 25 15 20 15 19 22 19 21 24 16 9 21 9 20 21 10 22 17 24 7 20 15 5 16 17 20 22 13 16 18 9 12 7 12 11 5 11 23 20 21 14 24 13 15 24 9 20 25 19 25 25 21 11 21 24 18 7 23 11 17 17 18 24 14 13 5 22 6 18
18 8 6 14 11 15 25 8 23 9 16 5 18 19 5 14 7 15 22 16 12 6 11 23 17 14 15 24 12 11 21 18 17 11 11 22 9 10 23 14 18 22 12 23 14 13 5 21 22 17 20 8 8 7 24 18 7 20 9 25 12 14 13 24 13 5 18 23 13 16 5 17 25 5 15 13 24 8 9 15 18 14 15 15 19 7 23 11 11 23 15 7 11 24 10 13 20 25 25 12
17 12 20 25 14 23 12 10 20 10 20 11 19 21 21 13 21 7 11 12 22 6 22 24 13 8 8 24 16 21 10 21 6 14 20 18 21 8 19 13 8 8 8 24 10 8 6 12 20 12 19 7 17 11 21 9 13 20 21 25 12 16 23 19 9 13 25 9 11 21 6 25 21 14 6 7 8 16 11 11 6 22 16 17 25 8 14 15 15 16 10 20 20 16 17 21 9 25 17 19
9 20 19 11 25 14 25 18 10 14 13 11 10 17 17 7 19 9 12 7 6 16 14 15 22 7 25 23 15 6 25 6 22 9 13 23 5 18 5 9 25 9 21 24 23 7 15 19 14 17 11 21 10 22 5 15 25 9 18 20 7 23 13 24 23 15 8 11 12 12 10 10 20 23 8 17 12 12 23 10 17 16 6 25 19 24 15 9 10 22 9 5 5 8 25 16 21 15 22 21
21 17 21 20 17 11 23 17 12 19 14 19 24 9 24 14 21 20 7 20 11 13 16 6 12 16 15 14 13 13 11 21 13 15 24 9 22 7 19 6 13 8 18 7 20 17 25 16 6 5 20 6 12 10 20 21 20 11 7 13 9 19 23 22 22 22 6 16 20 15 18 25 6 12 10 13 23 16 20 24 23 13 16 16 20 17 12 18 13 22 7 18 18 19 20 25 6 17 17 14
12 25 20 20 6 5 14 22 20 10 9 5 15 9 12 10 17 21 25 8 18 22 22 25 6 20 24 14 13 13 7 7 13 10 18 23 16 18 9 5 16 6 17 7 6 15 20 16 5 15 11 12 25 5 8 18 23 18 21 7 5 9 15 13 17 5 24 11 16 13 10 15 15 15 6 14 19 7 8 16 16 12 23 11 24 18 5 7 25 25 24 21 6 6 18 12 14 25 9 6
0.0 0.45 0.83 0.42 0.81 0.06 0.01 0.56 0.26 0.53 0.13 0.64 0.02 0.62 0.6 0.16 0.53 0.53 0.72 0.6
0.45 0.0 0.44 0.41 0.76 0.67 0.19 0.3 0.76 0.67 0.15 0.53 0.98 0.93 0.7 0.76 0.8 0.26 0.75 0.84
0.83 0.44 0.0 0.6 0.19 0.59 0.79 0.92 0.34 0.7 0.18 0.52 0.48 0.38 0.12 0.91 0.8 0.03 0.74 0.93
0.42 0.41 0.6 0.0 0.32 0.21 0.69 0.8 0.79 0.3 0.74 0.39 0.42 0.49 0.41 0.28 0.58 0.51 0.67 0.44
0.81 0.76 0.19 0.32 0.0 0.9 0.73 0.34 0.23 0.28 0.99 0.69 0.8 0.71 0.21 0.74 0.58 0.46 0.87 0.18
0.06 0.67 0.59 0.21 0.9 0.0 0.42 0.31 0.82 0.28 0.47 0.69 0.58 0.4 0.99 0.92 0.18 0.23 0.43 0.96
0.01 0.19 0.79 0.69 0.73 0.42 0.0 0.95 0.45 0.65 0.53 0.8 0.73 0.76 0.44 0.09 0.22 0.34 0.02 0.37
0.56 0.3 0.92 0.8 0.34 0.31 0.95 0.0 0.75 0.86 0.61 0.52 0.49 0.34 0.97 0.4 0.57 0.98 0.28 0.84
0.26 0.76 0.34 0.79 0.23 0.82 0.45 0.75 0.0 0.92 0.85 0.44 0.23 0.73 0.05 0.84 0.06 0.97 0.41 0.75
0.53 0.67 0.7 0.3 0.28 0.28 0.65 0.86 0.92 0.0 0.49 0.85 0.39 0.87 0.29 0.91 0.19 0.52 0.02 0.97
0.13 0.15 0.18 0.74 0.99 0.47 0.53 0.61 0.85 0.49 0.0 0.73 0.89 0.1 0.15 0.56 0.16 0.72 0.54 0.55
0.64 0.53 0.52 0.39 0.69 0.69 0.8 0.52 0.44 0.85 0.73 0.0 0.18 0.15 0.33 0.0 0.58 0.74 0.32 0.99
0.02 0.98 0.48 0.42 0.8 0.58 0.73 0.49 0.23 0.39 0.89 0.18 0.0 0.95 0.68 0.49 0.24 0.43 0.94 0.72
0.62 0.93 0.38 0.49 0.71 0.4 0.76 0.34 0.73 0.87 0.1 0.15 0.95 0.0 0.37 0.19 0.05 0.03 0.76 0.27
0.6 0.7 0.12 0.41 0.21 0.99 0.44 0.97 0.05 0.29 0.15 0.33 0.68 0.37 0.0 0.66 0.18 0.89 0.68 0.67
0.16 0.76 0.91 0.28 0.74 0.92 0.09 0.4 0.84 0.91 0.56 0.0 0.49 0.19 0.66 0.0 0.93 0.63 0.32 0.8
0.53 0.8 0.8 0.58 0.58 0.18 0.22 0.57 0.06 0.19 0.16 0.58 0.24 0.05 0.18 0.93 0.0 0.74 0.38 0.94
0.53 0.26 0.03 0.51 0.46 0.23 0.34 0.98 0.97 0.52 0.72 0.74 0.43 0.03 0.89 0.63 0.74 0.0 0.41 0.54
0.72 0.75 0.74 0.67 0.87 0.43 0.02 0.28 0.41 0.02 0.54 0.32 0.94 0.76 0.68 0.32 0.38 0.41 0.0 0.81
0.6 0.84 0.93 0.44 0.18 0.96 0.37 0.84 0.75 0.97 0.55 0.99 0.72 0.27 0.67 0.8 0.94 0.54 0.81 0.0
0.0 0.0 0.0 0.0 0.0 0.0 0.0 0.0 0.0 0.0 0.0 0.0 0.0 0.0 0.0 0.0 0.0 0.0 0.0 0.0
0.1 0.41
0.16 0.56
0.38 0.24
0.35 0.75
0.79 0.84
0.19 0.35
0.29 0.4
0.23 0.65
0.13 0.77
0.26 0.66
0.5 0.64
0.21 0.36
0.41 0.27
0.36 0.26
0.56 0.71
0.94 0.57
0.29 0.98
0.58 0.22
0.42 0.57
0.14 0.78
0.42 0.3 0.71 0.74 0.08 0.42 0.84 0.81 0.92 1.0 0.42 0.16 0.51 0.34 0.5 0.2 0.72 0.03 0.23 0.96 0.44 0.8 0.87 0.58 0.09 0.99 0.52 0.73 0.9 0.99 0.71 0.49 0.65 0.89 0.92 0.48 0.64 0.62 0.76 0.13 0.7 0.01 0.88 0.95 1.0 0.76 0.09 0.99 0.84 0.08 0.98 0.73 0.33 0.86 0.23 0.97 0.61 0.21 0.21 0.18 0.32 0.57 0.85 0.84 0.04 0.77 0.51 0.65 0.89 0.78 0.87 0.15 0.33 0.83 0.8 0.1 0.27 0.85 0.83 0.89 0.12 0.7 0.13 0.52 0.73 0.56 0.55 0.52 0.17 0.75 0.32 0.53 0.94 0.55 0.35 0.23 0.49 0.84 0.77 0.32
0.66 0.88 0.64 0.74 0.14 0.13 0.2 0.38 0.93 0.72 0.8 0.54 0.04 0.32 0.78 0.99 0.62 0.94 0.16 0.17 0.95 0.02 0.6 0.79 0.26 0.24 0.23 0.45 0.19 0.36 0.85 0.43 0.24 0.18 0.52 0.74 0.32 0.14 0.02 0.44 0.8 0.69 0.86 0.54 0.8 0.52 0.83 0.34 0.42 0.2 0.9 0.79 0.66 0.14 0.6 0.94 0.2 0.64 0.88 0.75 0.11 0.81 0.99 0.67 0.31 0.77 0.46 0.43 0.85 0.88 0.2 0.22 0.57 0.57 0.86 0.76 0.12 0.57 0.49 0.12 0.42 0.94 0.13 0.21 0.26 0.19 0.58 0.29 0.79 0.36 0.49 0.68 0.25 0.58 0.32 0.32 0.68 0.86 0.41 0.3
0.14 0.18 0.28 0.15 0.17 0.89 0.84 0.41 0.39 0.83 0.57 0.73 0.86 0.91 0.47 0.14 0.25 0.18 0.9 0.84 0.9 0.47 0.36 0.4 0.91 0.14 0.68 0.2 0.95 0.57 0.66 0.46 0.52 0.34 0.02 0.94 0.8 0.46 0.31 0.02 0.56 0.18 0.82 0.34 0.28 0.78 0.89 0.2 0.9 0.73 0.99 0.8 0.21 0.61 0.09 0.61 0.98 0.46 0.61 0.73 0.71 0.34 0.43 0.1 0.24 0.92 0.47 0.56 0.94 0.52 0.42 0.95 0.18 0.77 0.28 0.63 0.54 0.56 0.72 0.78 0.59 0.55 0.08 0.5 0.37 0.93 0.34 0.15 0.2 0.79 0.47 0.57 0.11 0.74 0.24 0.65 0.74 0.62 0.6 0.62
0.79 0.18 0.43 0.45 0.59 0.14 0.88 0.81 0.78 0.43 0.29 0.31 0.2 0.08 0.62 0.69 0.95 0.27 0.51 0.79 0.4 0.15 0.46 0.38 0.28 0.52 0.53 0.4 0.47 0.11 0.68 0.72 0.7 0.19 0.22 0.66 0.03 0.24 0.08 0.9 0.09 0.65 0.89 0.64 0.67 0.59 0.95 0.99 0.37 0.27 0.9 0.96 0.1 0.34 0.56 0.41 0.28 0.51 0.75 0.78 0.54 0.56 0.03 0.58 0.35 0.21 0.9 0.55 0.26 0.23 0.54 0.56 0.11 0.15 0.23 0.18 0.87 0.89 0.71 0.75 0.95 0.66 0.3 0.94 0.66 0.07 0.86 0.73 0.43 0.69 0.88 0.3 0.83 0.67 0.2 0.9 0.81 0.2 0.84 0.53
0.53 0.19 0.53 0.89 0.07 0.61 0.14 0.38 0.36 0.78 0.17 0.17 0.79 0.64 0.55 0.63 0.59 0.28 0.05 0.53 0.31 0.95 0.68 0.29 0.71 0.88 0.33 0.14 0.55 0.97 0.05 0.87 0.86 0.3 0.53 0.6 0.42 0.41 0.82 0.63 0.82 0.69 0.7 0.11 0.38 0.75 0.52 0.84 0.49 0.05 0.23 0.9 0.97 0.12 0.4 0.27 0.47 0.36 0.82 0.97 0.02 0.85 0.09 0.35 0.95 0.84 0.3 0.44 0.17 0.42 0.43 0.94 0.67 0.87 0.51 0.75 0.03 0.06 0.6 0.88 0.64 0.81 0.09 0.39 0.12 0.31 0.27 0.72 0.73 0.68 0.04 0.92 0.06 0.4 0.18 0.76 0.99 0.71 0.4 0.3
0.12 0.36 0.62 0.9 0.66 0.44 0.86 0.47 0.41 0.09 0.1 0.85 0.77 0.39 0.43 0.73 0.62 0.47 0.49 0.33 0.71 0.62 0.44 0.64 0.27 0.33 0.9 0.66 0.96 0.03 0.71 0.97 0.81 0.77 0.78 0.63 0.69 0.01 0.66 0.26 0.59 0.51 0.49 0.56 0.64 0.24 0.81 0.55 0.35 0.78 0.91 0.2 0.84 0.55 0.68 0.5 0.99 0.22 0.2 0.25 0.75 0.05 0.51 0.89 0.2 0.96 0.57 0.92 0.26 0.94 0.82 0.32 0.08 0.6 0.04 0.49 0.92 0.79 0.67 0.92 0.01 0.34 0.12 0.49 0.9 0.81 0.41 0.21 0.89 0.38 0.67 0.6 0.18 0.02 0.88 0.7 0.37 0.76 0.93 0.38
0.61 0.84 0.37 0.85 0.62 0.99 0.55 0.5 0.1 0.43 0.71 0.72 0.81 0.54 0.36 0.01 0.57 0.18 0.33 0.83 0.18 0.07 0.52 0.72 0.85 0.87 0.1 0.66 0.5 0.34 0.6 0.37 0.88 0.24 0.13 0.32 0.55 0.86 0.66 0.71 0.9 0.82 0.25 0.98 0.13 0.87 0.55 0.52 0.45 0.53 0.86 0.53 0.77 0.6 0.98 0.46 0.85 0.38 0.03 0.4 0.6 0.34 0.13 0.31 0.02 0.39 0.89 0.32 0.6 0.96 0.09 0.1 0.2 0.61 0.52 0.89 0.62 0.63 0.65 0.81 0.16 0.07 0.21 0.63 0.96 0.58 0.28 0.29 0.64 0.59 0.47 0.19 0.73 0.0 0.45 0.56 0.48 0.77 0.01 0.35
0.25 0.3 0.49 0.11 0.03 0.57 0.95 0.04 0.82 0.82 0.57 0.25 0.6 0.12 0.66 0.91 0.16 0.31 0.92 0.17 0.35 0.32 0.52 0.6 0.09 0.93 0.81 0.22 0.13 0.67 0.65 0.95 0.51 0.49 0.47 0.45 0.1 0.21 0.83 0.2 0.28 0.56 0.65 0.72 0.53 0.16 0.3 0.19 0.62 0.03 0.83 0.34 0.13 0.31 0.79 0.74 0.27 0.25 0.0 0.71 0.32 0.46 0.75 0.63 0.88 0.88 0.18 0.04 0.32 0.18 0.77 0.52 0.41 0.9 0.58 0.12 0.15 0.24 0.36 0.28 0.75 1.0 0.69 0.86 0.6 0.15 0.18 0.94 0.5 0.4 0.45 0.17 0.05 0.81 0.19 0.05 0.04 0.74 0.57 0.89
0.22 0.07 0.05 0.5 0.94 0.06 0.85 0.65 0.4 0.33 0.23 0.98 0.27 0.0 0.36 0.6 0.34 0.86 0.17 0.27 0.17 0.62 0.75 0.02 0.84 0.05 0.56 0.36 0.02 0.03 0.32 0.38 0.65 0.95 0.05 0.44 0.73 0.92 0.4 0.28 0.93 0.01 0.5 0.29 0.78 0.88 0.22 0.21 0.28 0.05 0.66 0.51 0.01 0.02 0.91 0.08 0.09 0.16 0.62 0.35 0.58 0.49 0.71 0.19 0.6 0.31 0.98 0.8 0.9 0.04 0.51 0.72 0.63 0.61 0.17 0.92 0.03 0.42 0.16 0.3 0.02 0.67 0.89 0.04 0.3 0.18 0.32 0.41 0.42 0.15 0.81 0.75 0.84 0.21 0.34 0.3 0.57 0.56 0.02 0.02
0.33 0.46 0.72 0.42 0.12 0.07 0.42 0.6 0.16 0.98 0.21 0.3 0.96 0.81 0.75 0.17 0.84 0.33 0.1 0.08 0.76 0.15 0.75 0.59 0.53 0.27 0.28 0.17 0.01 0.55 0.0 0.33 0.47 0.12 0.4 0.43 0.56 0.36 0.18 0.45 0.05 0.15 0.59 0.84 0.45 0.35 0.38 0.99 0.31 0.68 0.62 0.54 0.67 0.25 0.67 0.82 0.45 0.9 0.59 0.63 0.27 0.11 0.74 0.86 0.93 0.56 0.3 0.37 0.9 0.3 0.73 0.64 0.09 0.35 0.62 0.98 0.44 0.3 0.38 0.97 0.72 0.18 0.82 0.8 0.79 0.13 0.42 0.59 0.31 0.52 0.48 0.22 0.15 0.23 0.12 0.59 0.67 0.19 0.42 0.58
0.96 0.74 0.08 0.44 0.68 0.3 0.26 0.98 0.62 0.16 0.67 0.09 0.71 0.07 0.26 0.54 0.39 0.33 0.83 0.72 0.91 0.91 0.51 0.97 0.6 0.96 0.72 0.58 0.22 0.8 0.67 0.77 0.64 0.55 0.98 0.47 0.5 0.8 0.66 0.5 0.58 0.72 0.74 0.53 0.32 0.1 0.39 0.33 0.16 0.46 0.74 0.88 0.63 0.4 0.51 0.3 0.83 0.21 0.77 0.36 0.93 0.21 0.27 0.48 0.23 0.64 0.46 0.58 0.06 0.66 0.02 0.41 0.29 0.91 0.62 0.4 0.75 0.08 0.67 0.23 0.1 0.57 0.21 0.24 0.35 0.74 0.25 0.33 0.39 0.03 0.21 0.64 0.28 0.83 0.42 0.02 0.95 0.84 0.23 0.63
0.12 0.18 0.23 0.81 0.25 0.77 0.1 0.29 0.53 0.67 0.83 0.01 0.24 0.65 0.72 0.01 0.96 0.03 0.15 0.41 0.71 0.99 0.77 0.72 0.97 0.48 0.66 0.7 0.92 0.55 0.53 0.11 0.1 0.03 0.89 0.92 0.32 0.14 0.03 0.51 0.71 0.14 0.92 0.69 0.54 0.32 0.12 0.61 0.24 0.49 0.55 0.64 0.72 0.08 0.03 0.87 0.18 0.89 0.46 0.55 0.8 0.12 0.35 0.73 0.06 0.23 0.41 0.41 0.62 0.54 0.57 0.07 0.86 0.43 0.32 0.37 0.45 0.36 0.33 0.6 0.96 0.88 0.65 0.51 0.78 0.24 0.31 0.22 0.03 0.56 0.34 0.93 0.62 0.76 0.86 0.9 0.34 0.94 0.79 0.8
0.14 0.04 0.49 0.07 0.7 0.59 0.17 0.62 0.61 0.52 0.12 0.09 0.75 0.8 0.48 0.04 0.83 0.31 0.6 0.3 0.01 0.32 0.59 0.77 0.43 0.8 0.95 0.3 0.8 0.77 0.71 0.68 0.24 0.43 0.49 0.77 0.91 0.96 0.65 0.96 0.7 0.73 0.24 0.28 0.92 0.82 0.89 0.44 0.93 0.86 0.65 0.74 0.81 0.55 0.14 0.98 0.36 0.3 0.29 0.61 0.34 0.88 0.06 0.42 0.91 0.72 0.43 0.63 0.76 0.12 0.02 0.08 0.0 0.65 0.22 0.42 0.22 0.96 0.74 0.89 0.44 0.52 0.68 0.17 0.01 0.91 0.88 0.69 0.59 0.46 0.52 0.79 0.41 0.45 0.21 0.87 0.31 0.02 0.62 0.41
0.23 0.18 0.8 0.34 0.42 0.88 0.2 0.98 0.25 0.78 0.4 0.04 0.52 0.31 0.33 0.7 0.09 0.16 0.5 0.25 0.29 0.18 0.43 0.55 0.11 0.9 0.92 0.25 0.36 0.05 0.1 0.24 0.11 0.86 0.92 0.31 0.53 0.98 0.21 0.22 0.63 0.43 0.55 0.89 0.98 0.48 0.73 0.39 0.46 0.51 0.16 0.76 0.2 0.49 0.27 0.77 0.37 0.63 0.1 0.32 0.95 0.44 0.54 0.97 0.11 0.68 0.88 0.87 0.74 0.56 0.84 0.87 0.64 0.51 0.63 0.58 0.98 0.83 0.16 0.61 1.0 0.22 0.76 0.41 0.36 0.96 0.43 0.83 0.84 0.38 0.59 0.95 0.07 0.84 0.07 0.46 0.55 0.93 0.46 0.65
0.25 0.75 0.74 0.57 0.75 0.12 0.9 0.35 0.64 0.44 0.37 0.03 0.26 0.99 0.16 0.3 0.72 0.49 0.13 0.58 0.67 0.02 0.25 0.89 0.85 0.17 0.5 0.16 0.5 0.83 0.27 0.04 0.93 0.84 0.17 0.55 0.17 0.16 0.0 0.88 0.12 0.61 0.52 0.31 0.88 0.26 0.84 0.97 0.23 0.01 0.23 0.67 0.24 0.3 0.63 0.88 0.93 0.7 0.42 0.93 0.97 0.77 0.3 0.88 0.97 0.54 0.41 0.09 0.16 0.87 0.72 0.52 0.95 0.11 0.29 0.02 0.8 0.9 0.62 0.68 0.59 0.2 0.99 0.04 0.7 0.55 0.14 0.02 0.99 0.87 0.49 0.61 0.45 0.32 0.55 0.75 0.6 0.82 0.14 0.77
0.85 0.24 0.57 0.32 0.02 0.28 0.04 0.38 0.57 0.64 0.38 0.99 0.57 0.52 0.46 0.34 0.17 0.45 0.56 0.15 0.16 0.29 0.86 0.81 0.95 0.46 0.42 0.58 0.49 0.03 0.64 0.41 0.55 0.87 0.56 0.42 0.62 0.03 0.46 0.98 0.85 0.4 0.95 0.05 0.08 0.68 0.55 0.45 0.43 0.51 0.42 0.94 0.42 0.48 0.87 0.84 0.59 0.21 0.35 0.57 0.76 0.74 0.25 0.98 0.49 0.21 0.67 0.16 0.99 0.22 0.76 1.0 0.54 0.35 0.51 0.64 0.38 0.39 0.63 0.2 0.41 0.59 0.51 0.75 0.52 0.37 0.79 0.04 0.64 0.39 0.49 0.32 0.6 0.57 0.52 0.97 0.85 0.74 0.55 0.9
0.29 0.4 0.67 0.36 0.78 0.07 0.55 0.04 0.04 0.27 0.11 0.5 0.45 0.29 0.48 0.98 0.14 0.44 0.46 0.87 0.34 0.91 0.4 0.43 0.05 0.28 0.8 0.79 0.3 0.1 0.99 0.52 0.71 0.17 0.25 0.08 0.03 0.41 0.75 0.92 0.19 0.46 0.07 0.16 0.59 0.15 0.96 0.33 0.27 0.93 0.13 0.58 0.31 0.19 0.54 0.11 0.94 0.36 0.06 0.77 0.01 0.07 0.29 0.89 0.27 0.81 0.7 0.18 0.15 0.28 0.8 0.2 0.49 0.45 0.38 0.04 0.58 0.55 0.65 0.49 0.1 0.56 0.4 0.04 0.03 0.63 0.62 0.83 0.27 0.71 0.74 0.07 0.42 0.37 0.2 0.39 0.05 0.41 0.15 0.82
0.3 0.95 0.01 0.91 0.28 0.56 0.62 0.2 0.35 0.2 0.75 0.96 0.63 0.75 0.22 0.51 0.57 0.21 0.15 0.96 0.13 0.16 0.38 0.71 0.58 0.14 0.86 0.31 0.08 0.44 0.04 0.24 0.89 0.95 0.9 0.51 0.17 0.65 0.26 0.13 0.78 0.91 0.7 0.5 0.9 0.63 0.28 0.89 0.46 0.69 0.92 0.68 0.22 0.06 0.86 0.46 0.27 0.73 0.97 0.17 0.55 0.78 0.08 0.41 0.33 0.03 0.31 0.27 0.51 0.1 0.15 0.23 0.53 0.56 0.52 0.49 0.91 0.13 0.72 0.12 0.97 0.12 0.26 0.79 0.44 0.07 0.2 0.99 0.08 0.69 0.58 0.25 1.0 0.27 0.35 0.28 0.45 0.53 0.01 0.92
0.49 0.65 0.19 0.24 0.97 0.11 0.62 0.52 0.7 0.9 0.53 0.28 0.33 0.85 0.49 0.14 0.81 0.53 0.02 0.25 0.13 0.41 0.8 0.74 0.44 0.14 0.68 0.04 0.55 0.34 0.86 0.76 0.41 0.16 0.45 0.61 0.29 0.31 0.07 0.87 0.61 0.12 0.17 0.86 0.72 0.03 0.51 0.87 0.61 0.09 0.03 0.93 0.32 0.52 0.13 0.97 0.27 0.14 0.74 0.88 0.47 0.73 0.58 0.3 0.52 0.31 0.61 0.88 0.86 0.38 0.84 0.82 0.85 0.16 0.99 0.34 0.29 0.85 0.2 0.64 0.88 0.98 0.21 0.46 0.39 0.71 0.71 0.55 0.12 0.5 0.71 0.79 0.72 0.35 0.63 0.14 0.51 0.94 0.33 0.68
0.02 0.6 0.32 0.51 0.11 0.3 0.26 0.61 0.77 0.85 0.61 0.5 0.21 0.31 0.09 0.41 0.8 0.06 0.48 0.47 0.44 0.04 0.6 0.65 0.96 0.64 0.82 0.69 0.13 0.95 0.98 0.19 0.98 0.56 0.01 0.48 0.43 0.36 0.1 0.85 0.61 0.51 0.18 0.73 0.69 0.25 0.99 0.53 0.69 0.38 0.66 0.65 0.08 0.69 0.09 0.85 0.03 0.41 0.16 0.29 0.09 0.87 0.25 0.65 0.68 0.42 0.89 0.92 0.27 0.88 0.92 0.74 0.38 0.96 0.52 0.22 0.45 0.19 0.1 0.27 0.18 0.31 0.4 0.96 0.15 0.84 0.4 0.44 0.17 0.08 0.47 0.64 0.85 0.03 0.19 0.45 0.31 0.1 0.02 0.63
0.97 0.92 0.3 0.13 0.21 0.64 0.39 0.83 0.18 0.64 0.9 0.15 0.59 0.77 0.26 0.95 0.78 0.38 0.51 0.39 0.96 0.82 0.47 0.92 0.22 0.6 0.82 0.47 0.39 0.36 0.98 0.29 0.21 0.61 0.84 0.77 0.36 0.39 0.55 0.24 0.87 0.24 0.54 0.18 0.69 0.12 0.26 0.87 0.5 0.65 0.36 0.31 0.63 0.99 0.64 0.17 0.84 0.33 0.65 0.21 0.61 0.42 0.35 0.72 0.91 0.61 0.35 0.25 0.54 0.81 0.46 0.28 0.41 0.47 0.27 0.14 0.69 0.98 0.74 0.83 0.19 0.98 0.22 0.45 0.9 0.42 0.69 0.26 0.54 0.8 0.98 0.6 0.47 0.48 0.97 0.91 0.5 0.19 0.8 0.87
0.14 0.94 0.83 0.77 0.81 0.52 0.56 0.82 0.15 0.85 0.37 0.63 0.55 0.2 0.21 0.7 0.31 0.97 0.46 0.68 0.5 0.8 0.34 0.48 0.56 0.53 0.78 0.82 0.75 0.68 0.66 0.36 0.43 0.83 0.69 0.51 0.77 0.61 0.83 0.22 0.35 0.86 0.17 0.36 0.32 0.94 0.46 0.21 0.54 0.63 0.78 0.9 0.58 0.91 0.43 0.11 0.53 0.6 0.88 0.35 0.3 0.49 0.65 0.52 0.18 0.42 0.62 0.25 0.91 0.76 0.13 0.24 0.56 0.14 0.89 0.75 0.81 0.55 0.24 1.0 0.15 0.77 0.36 0.96 0.88 0.52 0.74 0.24 0.31 0.89 0.49 0.86 0.93 0.96 0.68 0.35 0.58 0.77 0.4 0.77
0.88 0.97 0.6 0.46 0.24 0.95 0.4 0.15 0.83 0.69 0.76 0.93 0.47 0.5 0.8 0.28 0.21 0.48 0.54 0.58 0.44 0.19 0.86 0.12 0.58 0.9 0.87 0.16 0.62 0.19 0.82 0.62 0.5 0.7 0.9 0.44 0.26 0.53 0.62 0.26 0.75 0.81 0.91 0.33 0.68 0.29 0.18 0.71 0.85 0.21 0.55 0.39 0.53 0.19 0.9 0.66 0.76 0.48 0.27 0.32 0.57 0.51 0.93 0.76 0.79 0.58 0.15 0.22 0.46 0.8 0.9 0.8 0.84 0.51 0.78 0.33 0.66 0.76 0.18 0.79 0.85 0.33 0.24 0.29 0.65 0.48 0.26 0.9 0.94 0.13 0.85 0.26 0.37 0.76 0.27 0.17 0.61 0.96 0.9 0.29
0.63 0.83 0.52 0.6 0.52 0.7 0.18 0.46 0.12 0.11 0.32 0.22 0.3 0.71 0.5 0.29 0.11 0.91 0.19 0.96 0.12 0.68 0.16 0.97 0.53 0.15 0.88 0.84 0.95 0.63 0.69 0.99 0.78 0.44 0.89 0.88 0.55 0.46 0.16 0.28 0.88 0.5 0.12 0.29 0.6 0.33 0.41 0.76 0.61 0.72 0.32 0.14 0.78 0.3 0.4 0.15 0.94 0.47 0.61 0.89 0.98 0.73 0.96 0.86 0.61 0.27 0.32 0.25 0.59 0.51 0.75 0.78 0.9 0.42 0.3 0.76 0.66 0.78 0.37 0.19 0.85 0.3 0.76 0.64 0.62 0.59 0.77 0.35 0.6 0.9 0.45 0.21 0.63 0.83 0.58 0.34 0.55 0.37 0.14 0.96
0.68 0.4 0.34 0.63 0.59 0.71 0.43 0.58 0.65 0.37 0.34 0.45 0.43 0.91 0.44 0.83 0.83 0.14 0.67 0.88 0.99 0.84 0.28 0.77 0.42 0.78 0.3 0.64 0.36 0.74 0.33 0.61 0.93 0.5 0.76 0.51 0.87 0.29 0.45 0.45 0.56 0.81 0.36 0.66 0.36 0.1 0.82 0.59 0.32 0.92 0.44 0.48 0.54 0.24 0.85 0.26 0.67 0.58 0.67 0.46 0.76 0.55 0.31 0.21 0.95 0.33 0.11 0.95 0.52 0.61 0.95 0.24 0.96 0.52 0.53 0.29 0.28 0.65 0.98 0.71 0.58 0.81 0.41 0.78 0.69 0.39 0.9 0.34 0.98 0.21 0.69 0.97 0.17 0.13 0.21 0.28 0.91 0.41 0.49 0.49
0.67 0.97 0.22 0.83 1.0 0.85 0.23 0.92 0.54 0.32 0.97 0.16 0.7 0.23 0.14 0.21 0.11 0.78 0.34 0.87 0.37 0.9 0.46 0.5 0.51 0.83 0.9 0.64 0.78 0.61 0.52 0.77 0.83 0.57 0.44 0.8 0.24 0.55 0.39 0.69 0.5 0.19 0.3 0.41 0.86 0.29 0.65 0.89 0.95 0.98 0.29 0.54 0.38 0.32 0.12 0.71 0.31 0.71 0.92 0.56 0.61 0.86 0.31 0.98 0.9 0.79 0.7 0.52 0.99 0.58 0.7 0.58 0.78 0.67 0.76 0.42 0.92 0.99 0.34 0.38 0.75 0.24 0.31 0.26 0.6 0.75 0.75 0.99 0.42 0.44 0.55 0.53 1.0 0.93 0.55 0.39 0.29 0.55 0.27 0.75
0.76 0.48 0.47 0.32 0.94 0.42 0.21 0.68 0.66 0.11 0.21 0.9 0.43 0.32 0.56 0.44 0.69 0.56 0.11 0.36 0.66 0.72 0.31 0.52 0.21 0.53 0.5 0.14 0.7 0.94 0.55 0.91 0.47 0.51 0.55 0.57 0.8 0.52 0.94 0.21 0.62 0.98 0.61 0.9 0.81 0.16 0.16 0.91 0.69 0.35 0.9 0.53 0.16 0.57 0.59 0.51 0.32 0.74 0.19 0.14 0.17 0.73 0.67 0.17 0.92 0.23 0.25 0.43 0.19 0.33 0.36 0.22 0.55 0.73 0.8 0.71 0.99 0.19 0.9 0.46 0.28 0.8 0.8 0.72 0.6 0.7 0.77 0.78 0.2 0.14 0.7 0.83 0.92 0.81 0.38 0.15 0.63 0.93 0.96 0.19
0.42 0.38 0.49 0.81 0.11 0.88 0.61 0.71 0.87 0.73 0.51 0.81 0.15 0.77 0.73 0.84 0.93 0.44 0.14 0.94 0.28 0.63 0.12 0.21 0.24 0.35 0.22 0.35 0.44 0.24 0.23 0.97 0.68 0.21 0.8 0.4 0.67 0.24 0.58 0.4 0.21 0.75 0.95 0.5 0.11 0.32 0.44 0.61 0.4 0.98 0.44 0.73 0.26 0.44 0.74 0.93 0.1 0.82 0.4 0.11 0.21 0.85 0.46 0.2 0.63 0.4 0.82 0.34 0.55 0.95 0.85 0.25 0.43 0.32 0.58 0.43 0.36 0.63 0.47 0.98 0.52 0.58 0.36 0.36 0.5 0.44 0.8 0.49 0.74 0.7 0.99 0.87 0.55 0.64 0.52 0.83 0.57 0.53 0.13 0.79
0.47 0.68 0.39 0.3 0.53 0.28 0.29 0.29 0.77 1.0 0.84 0.38 0.61 0.83 0.47 0.52 0.53 0.99 0.61 0.97 0.98 0.28 0.12 0.25 0.82 0.4 0.92 0.82 0.74 0.15 0.59 0.66 0.87 0.91 0.81 0.14 0.99 0.51 0.69 0.59 0.85 0.22 0.64 0.26 0.49 0.24 0.77 0.16 0.75 0.34 0.85 0.5 0.93 0.39 0.66 0.92 0.46 0.39 0.19 0.47 0.5 0.79 0.13 0.92 0.29 0.83 0.16 0.37 0.63 0.47 0.76 0.49 0.68 0.76 0.21 0.59 0.78 0.57 0.76 0.77 0.96 0.64 0.75 0.29 0.4 0.47 0.93 0.7 0.83 0.59 0.22 0.12 0.31 0.94 0.57 0.27 0.11 0.98 0.59 0.13
0.78 0.16 0.75 0.54 0.94 0.93 0.77 0.64 0.48 0.5 0.18 0.82 0.19 0.59 0.19 0.24 0.36 0.17 0.16 0.45 0.77 0.54 0.3 0.86 0.2 0.9 0.52 0.33 0.12 0.82 0.91 0.17 0.42 0.13 0.37 0.45 0.94 0.13 0.23 0.78 0.69 0.21 0.64 0.97 0.53 0.71 0.64 0.31 0.37 0.46 0.6 0.32 0.59 0.3 0.59 0.36 0.4 0.4 0.49 0.55 0.7 0.78 0.8 0.36 0.37 0.8 0.52 0.52 0.11 0.4 0.28 0.81 0.25 0.9 0.79 0.68 0.81 0.61 1.0 0.19 0.55 0.43 0.7 0.33 0.96 0.53 0.11 0.78 0.57 0.77 0.22 0.37 0.27 0.15 0.58 0.76 1.0 0.19 0.23 0.2
0.68 0.28 0.38 0.65 0.97 0.88 0.48 0.95 0.47 0.84 0.38 0.24 0.95 0.88 0.52 0.41 0.59 0.53 0.14 0.42 0.81 0.97 0.82 0.56 0.23 0.92 0.58 0.42 0.6 0.38 0.17 0.96 0.55 0.25 0.52 0.8 0.61 0.92 0.61 0.2 0.86 0.19 0.96 0.94 0.92 0.74 0.23 0.66 0.8 0.6 0.76 0.6 0.94 0.65 0.33 0.37 0.9 0.7 0.98 0.98 0.1 0.18 0.16 0.84 0.37 0.25 0.76 0.6 0.82 0.72 0.17 0.5 0.44 0.95 0.49 0.42 0.15 0.95 0.47 0.39 0.86 0.84 0.39 0.78 0.8 0.16 0.55 0.61 0.8 0.84 0.65 0.54 0.56 0.72 0.41 0.27 0.78 0.39 0.34 0.28
0.11 0.11 0.76 0.86 0.46 0.71 0.74 0.54 0.26 0.56 0.18 0.44 0.61 0.38 0.91 0.74 0.6 0.31 0.86 0.5 0.41 0.83 0.97 0.57 0.61 0.26 0.53 0.12 0.73 0.19 0.34 0.4 0.61 0.67 0.62 0.41 0.54 0.56 0.56 0.86 0.42 0.62 0.14 0.4 0.35 0.57 0.81 0.31 0.3 0.98 0.16 0.88 0.57 0.29 0.98 0.39 0.19 0.86 0.59 0.62 0.89 0.75 0.21 0.55 0.82 0.66 0.24 0.96 0.6 0.35 0.78 0.15 0.9 0.83 0.37 0.6 0.36 0.36 0.37 0.76 0.12 0.72 0.7 0.69 0.37 0.49 0.85 0.81 0.11 0.8 0.73 0.95 0.99 0.39 0.12 0.6 0.41 0.2 0.71 0.13
0.66 0.84 0.74 0.95 0.65 0.5 1.0 0.97 0.17 0.19 0.26 0.55 0.99 0.98 0.38 0.27 0.89 0.41 0.91 0.13 0.51 0.16 0.69 0.72 0.76 0.52 0.76 0.58 0.57 0.34 0.56 0.31 0.92 0.77 0.11 0.8 0.62 0.34 0.27 0.92 0.76 0.84 0.28 0.42 0.11 0.59 0.69 0.77 0.55 0.61 0.79 0.82 0.4 0.41 0.29 0.88 0.47 0.99 0.23 0.28 0.74 0.64 0.85 0.16 0.79 0.84 0.19 0.49 0.51 0.59 0.23 0.16 0.33 0.36 0.62 0.68 0.89 0.83 0.28 0.54 0.73 0.92 0.39 0.27 0.8 0.12 0.55 0.91 0.92 0.72 0.1 0.52 0.93 0.19 0.72 0.72 0.63 0.42 0.17 0.63
0.96 0.78 0.8 0.32 0.19 0.71 0.35 0.53 0.81 0.67 0.75 0.61 0.12 0.88 0.56 0.52 0.32 0.53 0.54 0.81 0.38 0.44 0.17 0.28 0.18 0.52 0.24 0.18 0.31 0.59 0.29 0.18 0.32 0.68 0.54 0.56 0.79 0.51 0.16 0.53 0.9 0.86 0.43 0.18 0.76 0.52 0.8 0.29 0.68 0.81 0.61 0.49 0.39 0.53 0.83 0.71 0.29 0.43 0.18 0.54 0.68 0.87 0.18 0.74 0.19 0.62 0.57 0.83 0.92 0.19 0.51 0.19 0.86 0.33 0.6 0.78 0.42 0.71 0.22 0.35 0.81 0.8 0.93 0.9 0.48 0.76 0.55 0.31 0.97 0.59 0.67 0.38 0.73 0.46 0.32 0.28 0.35 0.45 0.35 0.98
0.92 0.65 0.3 0.58 0.62 0.47 0.34 0.35 0.76 0.92 0.83 1.0 0.67 1.0 0.63 0.28 0.6 0.66 0.79 0.54 0.46 0.42 0.75 0.55 0.15 0.85 0.23 0.4 0.84 0.6 0.25 0.11 0.73 0.56 0.85 0.95 0.48 0.68 0.12 0.3 0.14 0.89 0.59 0.39 0.62 0.4 0.74 0.6 0.91 0.96 0.36 0.63 0.2 0.48 0.19 0.99 0.59 0.14 0.61 0.72 0.36 0.18 0.49 0.45 0.36 0.89 0.34 0.59 0.94 0.66 0.78 0.4 0.5 0.77 0.4 0.41 0.15 0.95 0.29 0.96 0.37 0.57 0.44 0.49 0.64 0.71 0.38 0.27 0.6 0.98 0.8 0.28 0.5 0.98 0.45 0.41 0.78 0.62 0.14 0.46
0.46 0.3 0.92 0.76 0.22 0.33 0.84 0.3 0.79 0.57 0.81 0.21 0.42 0.28 0.2 0.43 0.74 0.89 0.33 0.45 0.53 0.17 0.58 0.21 0.66 0.74 0.69 0.55 0.17 0.72 0.14 0.65 0.71 0.97 0.71 0.38 0.71 0.23 0.54 0.28 0.35 0.55 0.13 0.88 0.86 0.38 0.16 0.2 0.37 0.94 0.46 0.35 0.48 0.49 0.27 0.28 0.95 0.34 0.79 0.4 0.61 0.17 0.71 0.95 0.87 0.88 0.8 0.28 0.69 0.63 0.4 0.79 0.65 0.14 0.31 0.12 0.4 0.92 0.63 0.76 0.33 0.64 0.76 0.33 0.86 0.7 0.22 0.79 0.67 0.42 0.41 0.44 0.43 0.62 0.77 0.17 0.54 0.68 0.38 0.76
0.91 0.36 0.19 0.73 0.35 0.91 0.7 0.32 0.18 0.52 0.39 0.62 0.79 0.91 0.44 0.94 0.36 0.34 0.18 0.79 0.6 0.76 0.16 0.2 0.44 0.1 0.16 0.83 0.71 0.52 0.76 0.65 0.44 0.52 0.29 0.32 0.78 0.52 0.75 0.56 0.44 0.4 0.42 0.51 0.12 0.46 0.95 0.11 0.38 0.49 0.97 0.98 0.92 0.44 0.97 0.42 0.28 0.74 0.14 0.7 0.43 0.91 0.64 0.87 0.37 0.29 0.34 0.25 0.7 0.85 0.22 0.2 0.37 0.5 0.61 0.49 0.83 0.43 0.87 0.88 0.82 0.84 0.29 0.48 0.57 0.91 0.62 0.5 0.72 0.4 0.63 0.61 0.6 0.13 0.1 0.97 0.32 0.28 0.67 0.62
0.36 0.7 0.28 0.75 0.54 0.99 0.54 0.41 0.38 0.17 0.33 0.34 0.7 0.83 0.47 0.76 0.77 0.76 0.94 0.75 0.41 0.43 0.78 0.94 0.79 0.28 0.95 0.26 0.23 0.68 0.91 0.73 0.4 0.18 0.57 0.61 0.2 0.59 0.73 0.18 0.66 0.91 0.98 0.62 0.89 0.61 0.31 0.29 0.64 0.61 0.47 0.27 0.42 0.66 0.47 0.6 0.35 0.76 0.9 0.51 0.28 0.33 0.56 0.38 0.96 0.35 0.51 0.22 0.16 0.33 0.61 0.59 0.65 0.53 0.53 0.62 0.29 0.18 0.93 0.23 0.49 0.92 0.34 0.36 0.59 0.8 0.61 0.78 0.12 0.14 0.57 0.74 0.39 0.39 0.22 0.84 0.13 0.54 0.74 0.12
0.7 0.28 0.4 0.62 0.44 0.42 0.41 0.72 0.98 0.15 0.92 0.11 0.83 0.78 0.71 0.71 0.29 0.57 0.41 0.62 0.71 0.17 0.75 0.53 0.58 0.57 0.32 0.3 0.9 0.19 0.46 0.75 0.43 0.35 0.31 0.35 0.19 0.15 0.44 0.82 0.14 0.72 0.98 0.71 0.8 0.37 0.41 0.57 0.4 0.38 0.29 0.69 0.19 0.6 0.1 0.43 0.15 0.41 0.68 0.78 0.45 0.16 0.83 0.58 0.13 0.5 0.68 0.34 0.47 0.94 0.48 0.6 0.28 0.16 0.53 0.56 0.51 0.67 0.3 0.43 0.7 0.96 0.71 0.41 0.83 0.56 0.74 0.56 0.31 0.28 0.8 0.98 0.88 0.68 0.83 0.1 0.2 0.63 0.13 0.32
0.47 0.16 0.36 0.12 0.72 0.6 0.84 0.91 0.38 0.31 0.87 0.74 0.68 0.32 0.42 0.82 0.29 0.56 0.71 0.5 0.36 0.49 0.69 0.8 0.48 0.39 0.28 0.99 0.91 0.2 0.51 0.23 0.6 0.5 0.77 0.33 0.7 0.55 0.74 0.52 0.91 0.2 0.26 0.6 0.97 0.32 0.35 0.52 0.65 0.73 0.27 0.62 0.64 0.99 0.42 0.19 0.81 0.6 0.17 0.89 0.64 0.38 0.91 0.99 0.2 0.65 0.82 0.45 0.65 0.86 0.44 0.63 0.28 0.71 0.41 0.56 0.18 0.27 0.24 0.74 0.3 0.4 0.85 0.57 0.54 0.67 0.25 0.74 0.3 0.97 0.67 0.8 0.69 0.37 0.31 0.67 0.24 0.31 0.17 0.96
