200 5 2 1 4344
2097.6 2097.6 2097.6 2097.6 2097.6
12 18 6 25 21 5 25 15 25 5 8 24 24 15 14 13 11 20 6 21 21 8 8 16 7 14 23 18 18 17 19 18 14 14 9 23 25 5 17 5 11 18 14 8 5 24 19 18 8 18 18 8 24 11 11 24 10 8 11 10 6 21 9 13 18 19 10 22 8 14 10 24 19 12 24 12 19 12 25 7 15 7 23 22 15 22 13 21 7 7 25 25 23 13 24 9 6 5 21 11 9 5 18 25 15 15 13 10 21 25 18 21 10 21 25 13 17 9 9 6 22 17 6 11 13 9 17 11 17 24 15 16 23 16 14 12 23 12 15 11 9 17 22 22 21 20 20 9 7 18 9 21 20 17 21 21 16 15 21 15 19 9 8 21 12 13 15 21 21 21 7 12 23 6 23 17 12 12 15 25 19 14 8 18 10 21 12 5 7 16 17 11 5 12 16 21 24 10 6 18
16 25 9 7 18 14 17 21 22 22 14 7 8 12 8 8 19 23 14 17 12 21 21 6 10 20 21 22 19 8 8 24 11 19 16 22 13 24 24 15 21 19 21 15 15 9 5 7 13 18 21 5 11 20 21 14 5 25 6 22 10 16 9 11 17 17 10 9 10 22 14 13 7 13 24 18 23 14 11 5 20 13 15 5 9 17 8 14 10 7 11 24 11 14 22 25 23 18 19 20 5 12 23 20 8 6 23 13 6 18 17 25 6 6 24 13 11 23 6 11 25 14 5 6 10 13 5 24 20 13 19 19 13 22 7 11 12 10 22 7 19 9 18 18 11 14 9 20 20 12 17 5 20 15 12 6 18 8 19 11 19 10 21 21 7 7 12 6 11 8 6 16 11 17 19 16 15 6 6 9 16 18 13 11 16 8 22 11 16 7 13 10 18 25 9 8 12 14 9 11
14 10 17 11 23 9 23 12 14 6 24 12 18 14 14 25 12 22 25 16 18 24 20 11 9 13 17 12 7 5 24 16 13 7 12 11 11 25 5 5 13 7 16 9 19 16 6 14 19 19 25 14 6 11 13 19 25 23 16 24 16 21 8 24 16 14 25 12 6 18 23 8 13 6 20 22 17 5 18 22 11 25 19 5 22 8 6 21 16 15 19 12 9 17 23 5 11 24 13 12 19 19 14 25 14 21 16 20 6 24 10 8 6 16 18 14 9 12 12 7 7 16 13 19 21 9 20 7 22 15 5 9 24 6 10 6 21 21 15 11 20 23 18 22 18 13 15 23 8 20 12 20 12 23 7 16 7 7 23 14 18 11 8 8 10 5 15 23 11 6 12 11 10 20 11 25 23 19 20 5 16 17 14 9 19 25 25 20 12 12 9 16 14 25 11 19 10 12 8 12
7 20 18 23 10 7 17 12 17 23 18 24 22 13 20 13 12 10 22 7 19 5 23 6 11 9 7 18 25 16 12 15 8 17 11 12 11 16 16 9 21 23 7 23 11 16 22 13 6 18 22 6 15 21 8 20 19 25 8 21 21 25 25 15 7 11 21 18 10 10 15 17 12 12 13 11 12 6 24 14 14 12 12 25 8 22 25 11 20 13 15 16 18 24 6 20 9 25 13 23 19 15 22 23 22 25 8 16 18 16 13 12 19 19 5 20 10 13 7 7 23 21 16 20 9 18 8 9 9 11 14 14 14 8 22 11 8 22 22 17 24 17 15 9 24 13 25 24 13 20 18 14 5 22 25 10 5 6 23 9 16 19 20 23 15 21 10 17 9 8 20 10 12 20 11 14 22 6 5 18 21 12 13 23 6 15 9 18 19 16 8 17 15 14 21 14 15 16 7 22
12 6 23 12 16 5 9 23 11 6 15 8 24 19 24 12 17 11 5 25 6 14 7 24 9 5 20 7 23 16 9 13 20 19 22 5 25 16 5 9 9 6 18 24 11 18 7 13 25 15 9 20 20 22 11 5 14 19 16 17 9 19 6 10 5 23 21 14 22 19 15 12 12 18 22 7 5 15 17 25 7 10 14 11 24 15 21 17 6 10 24 11 7 10 21 15 12 17 18 5 5 6 17 15 8 16 25 17 20 7 16 8 6 11 9 25 14 13 12 7 13 22 5 12 13 23 12 23 6 7 10 5 9 24 16 11 21 5 17 15 13 24 8 23 23 15 25 24 20 20 16 12 9 7 7 15 6 5 16 18 14 5 13 5 12 24 22 12 24 20 22 12 18 23 23 25 18 22 12 21 7 22 15 20 14 8 5 14 24 25 20 11 10 12 20 10 16 6 9 9
0.0 0.72 0.2 0.61 0.5
0.72 0.0 0.37 0.9 0.18
0.2 0.37 0.0 0.63 0.02
0.61 0.9 0.63 0.0 0.48
0.5 0.18 0.02 0.48 0.0
0.0 0.0 0.0 0.0 0.0
0.98 0.93
0.81 0.3
0.31 0.8
0.98 0.41
0.41 0.42
0.82 0.14 0.03 0.56 0.64 0.35 0.64 0.43 0.28 0.85 0.59 0.63 0.27 0.97 0.62 0.36 0.23 0.32 0.82 0.25 0.28 0.96 0.19 0.92 0.02 0.53 0.7 0.12 0.87 0.73 0.44 0.98 0.05 0.69 0.25 0.36 0.9 0.44 0.94 0.57 0.71 0.13 0.2 0.55 0.33 0.8 0.73 0.23 0.92 0.03 0.91 0.21 0.32 0.14 0.1 0.37 0.55 0.81 0.42 0.94 0.62 0.44 0.99 0.38 0.82 0.13 0.81 0.19 0.84 0.47 0.55 0.32 0.36 0.62 0.0 0.54 0.77 0.87 0.28 0.04 0.49 0.25 0.58 0.83 0.48 0.81 0.14 0.47 0.03 0.23 0.5 0.25 0.3 0.73 0.76 0.18 0.89 0.0 0.83 0.54 0.9 0.59 0.51 0.82 0.85 0.39 0.37 0.93 0.16 0.77 0.52 0.73 0.36 0.34 0.7 0.28 0.01 0.2 0.71 0.97 0.26 0.28 0.67 0.26 0.23 0.24 0.44 0.74 0.54 0.4 0.83 0.36 0.21 0.61 0.36 0.82 0.71 0.36 0.74 0.42 0.8 0.66 0.78 0.41 0.29 0.98 0.08 0.86 0.48 0.08 0.05 0.06 0.94 0.84 0.1 0.62 0.24 0.42 0.29 0.18 0.25 0.01 0.95 0.19 0.2 0.25 0.41 0.95 0.02 0.18 0.01 0.49 0.82 0.02 0.2 0.86 0.56 0.88 0.03 0.48 0.25 0.77 0.9 0.23 0.35 0.83 0.96 0.87 0.04 0.03 0.06 0.26 0.33 0.19 0.82 0.18 0.05 0.35 0.25 0.31
0.56 0.24 0.97 0.47 0.67 0.24 0.78 0.81 0.8 0.32 0.87 0.52 0.38 0.33 0.42 0.78 0.36 0.56 0.15 0.97 0.23 0.16 0.7 0.41 0.22 0.03 0.1 0.42 0.62 0.85 0.25 0.72 0.34 0.83 0.08 0.72 0.1 0.31 0.32 0.43 0.79 0.85 0.27 0.48 0.85 0.87 0.04 0.83 0.58 0.95 0.28 0.27 0.6 0.93 0.27 0.94 0.11 0.75 0.45 0.98 0.79 0.74 0.43 1.0 0.03 0.38 0.3 0.28 0.25 0.83 0.17 0.85 0.06 0.97 0.31 0.28 0.02 0.73 0.24 0.39 0.62 0.34 0.49 0.09 0.62 0.88 0.48 0.71 0.19 0.05 0.31 0.21 0.94 0.06 0.97 0.45 0.93 0.94 0.88 0.87 0.19 0.24 0.58 0.17 0.68 0.36 0.03 0.36 0.06 0.35 0.68 0.22 0.04 0.53 0.77 0.01 0.2 0.7 0.8 0.16 0.75 0.4 0.09 0.77 0.81 0.21 0.76 0.64 0.31 0.9 0.98 0.49 0.51 0.07 0.24 0.64 0.9 0.57 0.96 0.88 0.62 0.46 0.35 0.25 0.19 0.51 0.25 0.97 0.53 0.13 0.34 0.56 0.77 0.45 0.27 0.3 0.41 0.5 0.95 0.4 1.0 0.23 0.29 0.84 0.78 0.74 0.52 0.64 0.44 0.95 0.29 0.93 0.27 0.34 0.72 0.19 0.83 0.86 0.85 0.86 0.07 0.66 0.02 0.39 0.51 0.25 0.34 0.22 0.32 0.67 0.85 0.6 0.49 0.16 0.24 0.54 0.49 0.19 0.97 0.29
0.95 0.29 0.99 0.94 0.47 0.24 0.34 0.67 0.28 0.36 0.17 0.12 0.29 0.16 0.6 0.01 0.21 0.0 0.7 0.25 0.75 0.39 0.47 0.34 0.07 0.5 0.89 0.62 0.32 0.67 0.96 0.05 0.5 0.18 0.92 0.5 0.98 0.06 0.69 0.79 0.82 0.34 0.55 0.49 0.01 0.59 0.52 0.34 0.45 0.57 0.64 0.13 0.89 0.74 0.98 0.1 0.26 0.81 0.06 0.64 0.87 0.29 0.38 0.88 0.38 0.95 0.62 0.21 0.82 0.71 0.48 0.63 0.72 0.6 0.9 0.73 0.09 0.29 0.28 0.06 0.68 0.97 0.7 0.35 0.65 1.0 0.71 0.73 0.28 0.7 0.89 0.71 0.04 0.84 0.09 0.09 0.81 0.42 0.13 0.55 0.91 0.48 0.27 0.78 0.4 0.65 0.72 0.47 0.41 0.48 0.76 0.96 0.46 0.11 0.95 0.0 0.24 0.73 1.0 0.99 0.78 0.46 0.84 0.83 0.99 0.33 0.72 0.26 0.91 0.66 0.97 0.97 1.0 0.87 0.33 0.21 0.8 0.81 0.41 0.74 0.78 0.1 0.89 0.11 0.7 0.58 0.49 0.58 0.83 0.61 0.08 0.75 0.34 0.89 0.84 0.78 0.39 0.56 0.89 0.15 0.09 0.85 0.65 0.88 0.71 0.68 0.21 0.85 0.4 0.78 0.99 0.76 0.36 0.83 0.28 0.77 0.81 0.24 0.09 0.62 0.08 0.66 0.39 0.11 0.59 0.18 0.71 0.78 0.53 0.78 0.16 0.11 0.24 0.47 0.86 0.58 0.95 0.81 0.4 0.64
0.27 0.23 0.14 0.98 0.68 0.87 0.35 0.52 0.36 0.62 0.74 0.83 0.28 0.09 0.32 0.22 0.54 0.07 0.97 0.91 0.27 0.99 0.98 0.06 0.66 0.2 0.79 0.31 0.92 0.43 0.53 0.22 0.14 0.03 0.15 0.94 0.41 0.98 0.13 0.74 0.3 0.8 0.06 0.98 0.09 0.55 0.89 0.06 0.65 0.3 0.83 0.97 0.09 0.73 0.54 0.47 0.76 0.8 0.36 0.19 0.6 0.36 0.45 0.1 0.33 0.67 0.34 0.65 0.27 0.44 0.37 0.75 0.57 0.01 0.69 0.48 0.86 0.98 0.34 0.06 0.51 0.4 0.08 0.77 0.06 0.44 0.27 0.49 0.28 0.38 0.7 0.03 0.37 0.07 0.4 0.41 0.31 0.53 0.12 0.32 0.35 0.8 0.62 0.86 0.02 0.73 0.36 0.8 0.25 0.35 0.93 0.29 0.11 0.78 0.45 0.71 0.42 0.5 0.66 0.12 0.58 0.96 0.47 0.47 0.5 0.81 0.28 0.98 0.67 0.76 0.17 0.64 0.47 0.79 0.09 0.14 0.78 0.29 0.73 0.17 0.84 0.2 0.32 0.97 0.68 0.67 0.36 0.67 0.74 0.7 0.31 0.41 0.58 0.09 0.68 0.26 0.7 0.45 0.09 0.4 0.71 0.83 0.08 0.84 0.32 1.0 0.31 0.03 0.04 0.18 0.57 0.07 0.16 0.2 0.07 0.44 0.89 0.93 0.91 0.69 0.75 0.96 0.45 0.45 0.03 0.66 0.68 0.31 0.43 0.48 0.93 0.04 0.69 0.77 0.58 0.47 0.87 0.9 0.05 0.86
0.96 0.34 0.01 0.87 0.39 0.53 0.57 0.31 0.67 0.67 0.34 0.73 0.54 0.45 0.64 0.1 0.48 0.29 0.41 0.25 0.84 0.12 0.59 0.71 0.37 0.15 0.8 0.89 0.41 0.1 0.48 0.09 0.3 0.61 0.43 0.57 0.41 0.97 0.77 0.97 0.95 0.08 0.92 0.7 0.56 0.43 0.71 0.39 0.18 0.02 0.42 0.53 0.34 0.77 0.4 0.98 0.76 0.27 0.66 0.4 0.99 0.07 0.32 0.56 0.18 0.04 0.22 0.09 0.78 0.8 0.35 0.03 0.82 0.21 0.75 0.1 0.36 0.36 0.01 0.66 0.86 0.55 0.02 0.91 0.57 0.83 0.6 0.68 0.44 0.28 0.38 1.0 0.33 0.04 0.38 0.22 0.96 0.4 0.35 0.34 0.17 0.6 0.22 0.07 0.03 0.47 0.35 0.75 0.13 0.53 0.24 0.61 0.98 0.0 0.76 0.45 0.04 0.76 0.97 0.96 0.78 0.43 0.15 0.13 0.97 0.09 0.48 0.37 0.52 0.32 0.56 0.36 0.81 0.59 0.8 0.1 0.86 0.49 0.23 0.94 0.82 0.19 0.64 0.09 0.15 0.08 0.81 0.79 0.78 0.8 0.9 0.53 0.05 0.98 0.58 0.04 0.96 0.82 0.85 0.18 0.87 0.74 0.9 0.35 0.77 0.14 0.91 0.45 0.96 0.66 0.91 0.6 0.8 0.09 0.82 0.14 0.61 0.96 0.01 0.24 0.81 0.13 0.72 0.56 0.58 0.96 0.99 0.98 0.26 0.73 0.78 0.83 0.17 0.42 0.79 0.94 0.67 0.79 0.92 0.74
0.51 0.6 0.83 0.17 0.64 0.99 0.8 0.82 0.72 0.68 0.8 0.27 0.38 0.43 0.99 0.19 0.26 0.69 0.15 0.7 0.81 0.62 0.74 0.15 0.52 0.88 0.85 0.89 0.46 0.93 0.39 0.27 0.72 0.58 0.96 0.86 0.28 0.56 0.36 0.24 0.52 0.73 0.92 0.18 0.31 0.6 0.16 0.13 0.26 0.14 0.23 0.87 0.81 0.33 0.88 0.79 0.59 0.57 0.27 0.64 0.76 0.45 0.81 0.77 0.33 0.39 0.7 0.7 0.98 0.58 0.82 0.81 1.0 0.54 0.54 0.5 0.96 0.17 0.93 0.45 0.2 0.66 0.43 0.16 0.3 0.66 0.45 0.88 0.22 0.11 0.82 0.25 0.49 0.34 0.24 0.26 0.89 0.99 0.41 0.14 0.69 0.63 0.86 0.28 0.82 0.29 0.34 0.42 0.51 0.37 0.96 0.26 0.62 0.27 0.32 0.87 0.88 0.82 0.98 0.37 0.69 0.13 0.18 0.92 0.57 0.62 0.14 0.29 0.23 0.98 0.94 0.26 0.91 0.54 0.62 0.15 0.45 0.19 0.84 0.86 0.15 0.37 0.43 0.92 0.23 0.77 0.18 0.44 0.45 0.65 0.66 0.37 0.94 0.47 0.77 0.98 0.88 0.5 0.66 0.12 0.86 0.95 0.45 0.62 0.91 0.83 0.31 0.25 0.5 0.54 0.96 0.35 0.33 0.69 0.55 0.45 0.98 0.13 0.49 0.52 0.85 0.14 0.73 0.61 0.58 0.12 0.61 0.92 0.63 0.8 0.34 0.43 0.18 0.83 0.81 0.51 0.7 0.42 0.86 0.31
0.89 0.74 0.23 0.89 0.47 0.37 0.19 0.52 0.57 0.34 0.97 0.96 0.66 0.68 0.99 0.88 0.6 0.42 0.79 0.64 0.24 0.91 0.35 0.48 0.24 0.42 0.35 0.22 0.22 0.12 0.18 0.75 0.15 0.57 0.22 0.42 0.87 0.55 0.18 0.14 1.0 0.39 0.38 0.36 0.71 0.62 0.81 0.46 0.65 0.43 0.95 0.26 0.73 0.53 0.42 0.42 0.37 0.7 0.87 0.97 0.64 0.6 0.42 0.83 0.73 0.75 0.39 0.23 0.14 0.99 0.72 0.79 0.48 0.29 0.42 0.65 0.78 0.14 0.51 0.57 0.12 0.32 0.44 0.18 0.92 0.88 0.49 0.81 0.8 0.69 0.67 0.63 0.24 0.12 0.2 0.99 0.37 0.22 0.93 0.91 0.45 0.87 0.27 0.57 0.96 0.89 0.93 0.55 0.23 0.54 0.61 0.69 0.55 0.55 0.95 0.27 0.14 0.16 0.42 0.14 0.99 0.68 0.33 0.68 0.93 0.63 0.53 0.87 0.59 0.37 0.55 0.63 0.23 0.85 0.3 0.29 0.53 0.34 0.27 0.65 0.39 0.61 0.56 0.96 0.7 0.57 0.77 0.65 0.78 0.91 0.36 0.15 0.57 0.3 0.14 0.84 0.58 0.11 0.78 0.48 0.79 0.18 0.16 0.42 0.55 0.51 0.17 0.4 0.7 0.94 0.98 0.58 0.95 0.96 0.41 0.17 0.17 0.78 0.53 0.5 0.59 0.83 0.82 0.95 0.11 0.57 0.13 0.35 0.86 0.69 0.98 0.41 0.92 0.19 0.19 0.64 0.58 0.11 0.69 0.39
0.76 0.7 0.92 0.38 0.67 0.9 0.83 0.66 0.44 0.92 0.86 0.87 0.89 0.13 0.39 0.47 0.99 0.17 0.65 0.55 0.1 0.26 0.68 0.13 0.39 0.44 0.21 0.26 0.15 0.26 0.12 0.44 0.7 0.33 0.78 0.32 0.33 0.27 0.5 0.35 0.74 0.56 0.2 0.79 0.19 0.72 0.25 0.78 0.77 0.27 0.47 0.99 0.69 0.2 0.64 0.46 0.18 0.5 0.68 0.45 0.24 0.73 0.63 0.7 0.98 0.48 0.26 0.52 0.24 0.76 0.99 0.41 0.16 0.1 0.43 0.32 0.42 0.6 0.23 0.22 0.89 0.28 0.37 0.55 0.39 0.44 0.86 0.42 0.24 0.99 0.89 0.7 0.75 0.17 0.63 0.48 0.96 0.19 0.57 0.52 0.38 0.93 0.56 0.84 0.67 0.52 0.99 0.38 0.75 0.21 0.95 0.39 0.61 0.91 0.41 0.44 0.4 0.15 0.43 0.33 0.39 0.76 0.6 0.87 0.63 0.23 0.7 0.61 0.99 0.5 0.41 0.88 0.67 0.5 0.78 0.65 0.43 0.91 0.4 0.47 0.85 0.84 0.38 0.47 0.29 0.89 0.69 0.14 0.78 0.38 0.8 0.29 0.51 1.0 0.56 0.79 0.49 0.47 0.47 0.68 0.45 0.13 0.26 0.61 0.4 0.48 0.12 0.82 0.9 0.23 0.21 0.17 0.23 0.69 0.7 0.32 0.64 0.9 0.78 0.5 0.41 0.7 0.92 0.71 0.36 0.71 0.99 0.23 0.38 0.3 0.78 0.16 0.88 0.84 0.22 0.35 0.75 0.13 0.66 0.39
0.66 0.15 0.78 0.81 0.99 0.57 0.21 0.33 0.39 0.52 0.74 0.62 0.62 0.38 0.62 0.68 0.34 0.13 0.65 0.29 0.58 0.95 0.56 0.75 0.18 0.35 0.61 0.47 0.15 0.98 0.48 0.49 0.83 0.74 0.51 0.1 0.13 0.81 0.88 0.84 0.54 0.81 0.67 0.49 0.3 0.99 0.54 0.51 0.16 0.85 0.93 0.35 0.41 0.82 0.94 0.49 0.93 0.96 0.49 0.65 0.44 0.33 0.6 0.26 0.47 0.1 0.65 0.82 0.23 0.67 0.2 0.85 0.52 0.31 0.21 0.28 0.89 0.94 0.81 0.88 0.34 0.55 0.77 0.31 0.58 0.65 0.51 0.24 0.73 0.74 0.8 0.12 0.33 0.23 0.31 0.84 0.62 0.45 0.8 0.53 0.27 0.87 0.64 0.83 0.94 0.92 0.91 0.71 0.89 0.32 0.36 0.16 0.31 0.27 0.71 0.63 0.38 0.65 0.92 0.95 0.64 0.98 0.52 0.66 0.2 0.67 0.33 0.14 0.55 0.81 0.46 0.76 0.94 0.45 0.54 0.28 0.78 0.4 0.93 0.27 0.15 0.41 0.11 0.59 0.2 0.22 0.73 0.9 0.88 0.82 0.39 0.55 0.5 0.1 0.66 0.32 0.79 0.17 0.71 0.88 0.3 0.38 0.52 0.87 0.62 0.25 0.61 0.75 0.71 0.97 0.57 0.87 0.86 0.94 0.3 0.59 0.62 0.59 0.24 0.19 0.29 0.51 0.6 0.37 0.76 0.8 0.8 0.48 0.48 0.21 0.58 0.41 0.23 0.45 0.61 0.35 0.34 0.28 0.27 0.4
0.96 0.98 0.9 0.56 0.5 0.75 0.83 0.39 0.76 0.26 0.63 0.12 0.52 0.58 0.64 0.32 0.22 0.35 0.36 0.5 0.86 0.99 0.54 0.87 0.29 0.4 0.35 0.5 0.97 0.41 0.33 0.16 0.57 0.69 0.69 0.13 0.65 0.28 0.47 0.83 0.61 0.34 0.54 0.9 0.78 0.81 0.51 0.72 0.35 0.75 0.95 0.33 0.28 0.78 0.28 0.6 0.98 0.93 0.78 0.36 0.49 0.12 0.97 0.66 0.25 0.95 0.58 0.53 0.91 0.8 0.14 0.23 0.5 0.91 0.64 0.95 0.37 0.37 0.25 0.14 0.3 0.72 0.69 0.97 0.65 0.73 0.47 0.8 0.18 0.35 0.47 0.83 0.5 0.65 0.14 0.5 0.14 0.51 0.75 0.27 0.37 0.53 0.25 0.91 0.93 0.65 0.57 0.51 0.43 0.8 0.65 0.86 0.59 0.91 0.67 0.6 0.45 0.81 0.28 0.56 0.56 0.63 0.46 0.59 0.51 0.45 0.24 0.52 0.34 0.6 0.86 0.69 0.5 0.78 0.27 0.88 0.76 0.98 0.95 0.26 0.55 0.67 0.21 0.38 0.15 0.7 0.68 0.56 0.74 0.62 0.69 0.4 0.68 0.61 0.8 0.86 0.5 0.37 0.48 0.28 0.34 0.89 0.46 0.99 0.26 0.63 0.39 0.22 0.74 0.43 0.41 0.98 0.98 0.51 0.76 0.95 0.8 0.34 0.29 0.78 0.44 0.53 0.37 0.48 0.86 0.83 0.31 0.28 0.98 0.15 0.26 0.48 0.1 0.77 0.95 0.77 0.66 0.57 0.4 0.82
