200 10 2 1 4691
2056.4 2056.4 2056.4 2056.4 2056.4 2056.4 2056.4 2056.4 2056.4 2056.4
6 13 14 7 5 16 20 17 16 14 8 23 24 14 24 19 20 5 6 14 13 11 17 12 25 11 11 22 12 5 13 11 10 11 21 24 23 22 22 9 22 23 19 24 13 22 21 8 15 15 21 13 20 23 16 11 21 12 18 6 22 17 17 13 23 17 20 24 6 16 5 24 8 7 10 7 8 21 19 13 19 6 8 11 15 10 21 12 25 9 19 12 10 13 12 14 9 23 16 21 9 8 15 21 25 16 7 23 17 18 24 23 6 5 23 24 21 11 24 10 17 14 11 22 24 22 15 18 9 16 23 14 12 16 11 7 18 8 20 25 16 17 8 6 18 15 15 14 13 10 21 13 22 19 8 12 25 5 8 20 14 6 16 8 8 25 19 6 12 20 5 19 7 15 17 23 9 16 6 24 13 19 12 6 15 14 24 13 7 24 6 25 16 17 16 17 19 24 24 7
13 6 22 19 14 25 10 19 24 24 9 5 18 16 19 11 24 22 12 14 15 7 15 7 11 9 21 17 7 11 8 14 15 25 17 22 12 5 17 9 17 20 6 23 14 7 18 21 25 12 21 17 10 10 7 25 11 24 13 17 6 12 9 15 18 19 5 25 7 12 10 19 17 18 13 6 22 23 20 15 9 10 20 24 16 15 21 22 16 13 9 18 15 11 12 24 5 23 23 15 5 6 15 25 17 18 14 8 11 17 10 6 8 20 17 12 18 21 5 5 10 19 23 24 13 23 22 21 18 11 16 24 5 12 10 20 18 22 20 6 23 18 17 11 6 19 13 12 17 15 20 20 13 13 20 7 7 24 6 13 15 22 16 25 19 13 19 8 25 22 8 18 15 21 13 16 16 15 6 20 18 10 24 18 6 14 7 15 14 6 11 18 5 23 9 25 20 6 20 22
10 9 16 7 17 6 23 20 7 5 13 10 11 13 11 25 23 7 18 20 18 6 25 6 9 20 8 18 13 21 12 13 17 11 16 14 13 13 10 25 16 17 20 23 9 5 14 13 6 24 12 9 19 7 23 19 12 11 25 19 25 17 7 11 25 24 10 6 7 8 6 16 25 20 24 25 16 10 23 20 11 22 24 6 7 16 12 13 25 16 13 9 5 20 21 5 18 12 13 21 15 25 25 9 13 22 7 20 19 13 23 21 20 16 11 24 14 13 8 23 19 6 6 9 19 22 8 5 25 14 5 5 13 22 6 21 13 8 8 14 12 14 21 20 11 14 12 5 7 24 21 11 25 12 7 15 7 10 15 9 6 20 18 5 22 5 19 7 19 5 18 18 20 9 21 10 14 8 15 19 18 8 23 21 12 19 25 14 10 19 11 17 5 5 16 10 23 24 5 12
14 13 16 15 16 7 19 11 18 17 20 7 21 25 8 22 12 8 14 17 11 17 9 25 23 15 5 21 23 13 20 14 8 16 16 18 16 5 16 6 12 5 17 12 13 14 10 9 19 24 15 20 19 24 5 15 22 16 7 7 23 15 12 7 19 6 12 23 5 14 19 6 23 13 17 19 25 20 24 12 9 17 18 15 24 7 17 21 25 8 23 7 22 19 25 14 22 7 9 6 12 12 5 5 21 5 20 18 18 16 9 20 23 24 9 11 11 12 11 9 25 16 7 20 12 12 5 24 16 24 8 16 13 20 13 6 11 10 10 6 21 5 19 22 19 22 16 15 12 23 16 7 15 21 21 20 23 14 14 11 10 8 8 15 15 15 25 5 23 20 24 16 9 6 15 14 6 7 7 22 5 14 17 20 7 25 20 11 7 10 23 12 17 19 10 17 21 22 8 13
17 23 23 23 23 23 19 22 14 10 12 10 12 8 14 17 8 25 15 19 24 23 10 10 21 10 10 23 14 15 16 15 11 17 18 10 9 9 10 17 5 7 10 21 21 9 16 19 16 12 8 16 20 18 9 14 23 6 22 11 7 25 17 23 13 21 25 22 8 12 12 22 18 17 23 21 9 5 24 24 11 19 16 25 7 12 19 7 10 25 7 10 6 13 14 5 16 13 6 24 9 6 17 13 13 25 12 13 6 10 19 7 14 18 23 17 9 9 7 20 8 10 10 11 11 15 7 23 16 19 22 11 18 21 5 24 19 8 24 17 23 15 10 14 21 10 22 11 6 11 13 7 15 22 22 14 20 13 21 10 12 6 7 13 18 17 16 7 9 15 22 12 8 25 19 6 15 22 16 12 20 11 15 24 20 9 21 10 14 8 21 5 20 16 10 23 24 19 11 20
17 21 16 16 6 7 21 16 17 6 23 18 22 16 14 7 7 16 18 14 7 10 20 8 22 20 25 7 23 22 15 11 16 17 14 13 25 15 19 17 10 12 18 10 24 19 25 20 8 21 6 12 21 10 22 6 13 20 5 6 8 20 22 24 19 6 18 8 14 21 6 14 14 10 18 10 21 16 17 14 6 20 6 9 21 15 14 11 15 8 15 15 14 10 10 9 14 11 21 9 15 8 7 23 8 9 8 24 6 10 11 18 24 14 11 9 25 16 22 11 14 13 8 18 16 9 19 5 22 17 9 12 6 11 9 5 16 23 20 8 12 18 5 5 9 18 11 14 9 14 22 20 17 11 19 8 10 7 13 12 11 18 6 18 16 24 15 12 11 6 9 8 9 12 9 7 11 11 14 9 14 21 18 9 13 17 10 17 10 24 20 7 8 6 24 10 21 11 7 8
5 19 23 17 6 14 19 19 6 7 23 16 17 11 10 25 6 21 12 16 5 19 12 23 16 24 18 11 22 14 21 22 18 9 5 6 15 11 5 5 6 5 14 15 9 23 16 14 25 5 6 16 22 25 6 16 22 9 17 19 12 25 23 18 13 7 17 9 6 5 13 13 15 15 11 24 20 14 14 24 12 14 9 9 14 6 25 9 22 25 18 19 5 14 7 25 9 10 14 6 16 8 20 20 16 21 14 18 6 5 25 18 5 15 10 25 18 11 7 15 19 13 19 10 13 18 11 11 11 22 24 14 6 5 12 8 10 17 19 9 7 12 9 22 14 20 25 5 8 14 8 20 23 21 15 21 12 5 22 9 25 9 7 17 5 23 16 15 9 19 11 23 8 21 7 8 5 25 20 10 23 8 13 22 8 23 24 6 23 25 18 20 25 18 18 20 11 14 11 17
13 9 12 20 12 7 24 15 21 18 16 23 5 21 7 21 21 20 10 6 14 12 9 24 5 7 18 21 16 13 14 20 19 8 15 14 8 15 7 10 19 21 20 12 22 17 15 14 22 19 7 14 15 23 11 22 10 18 21 8 7 23 18 22 24 22 6 20 18 18 22 13 15 25 20 25 6 21 17 19 9 15 6 9 9 20 24 19 13 24 17 19 13 23 20 12 14 6 20 20 25 6 8 13 17 9 23 13 10 20 11 12 25 19 18 16 21 8 13 18 5 17 21 19 20 9 12 21 17 7 5 12 24 24 14 24 11 25 19 17 9 22 21 22 7 18 7 8 17 20 9 6 16 22 17 25 20 15 9 16 24 25 25 15 9 20 18 10 7 24 8 7 16 19 5 17 24 16 7 6 23 21 6 7 21 14 21 6 19 7 19 16 12 10 5 24 7 18 22 8
5 16 24 25 11 25 18 11 15 17 16 10 12 22 10 12 25 8 18 10 18 19 24 6 19 6 7 15 6 19 14 18 17 5 8 12 7 7 22 20 24 16 13 21 18 12 24 7 23 11 22 7 17 20 19 6 14 15 6 21 18 12 9 16 24 16 23 20 5 6 11 11 21 9 11 16 13 6 15 11 17 16 23 17 12 21 15 7 6 25 17 7 13 5 25 23 10 16 13 23 17 6 7 23 15 22 10 13 12 9 14 6 9 10 11 12 11 6 19 6 11 25 20 15 14 22 22 13 5 6 21 6 22 17 19 18 9 11 11 14 8 24 9 19 18 20 12 17 11 14 24 20 15 20 18 12 8 12 20 17 13 5 21 15 14 8 16 14 18 18 25 9 12 15 17 8 23 5 20 25 15 5 9 17 13 20 18 17 19 15 17 15 7 9 24 21 11 20 20 12
15 13 19 15 9 25 8 7 15 6 8 25 9 6 12 9 10 20 21 8 19 19 9 17 23 15 18 19 12 7 24 6 13 16 13 21 14 7 25 24 13 17 16 23 9 13 23 8 24 23 5 20 18 24 7 12 7 22 9 9 20 24 24 24 13 11 17 17 11 14 5 12 15 10 13 14 15 24 23 5 6 17 23 10 20 12 21 9 12 13 7 23 21 22 15 25 12 6 6 17 8 11 19 7 21 24 23 24 21 24 5 13 18 18 22 8 23 6 12 22 14 16 20 22 24 23 6 21 19 16 11 20 24 7 23 6 24 15 24 15 16 16 18 14 7 12 14 20 13 8 21 16 22 13 11 7 23 22 11 17 11 7 17 21 7 5 16 16 18 23 10 20 15 12 7 16 9 16 12 17 17 19 10 14 14 15 19 6 19 22 18 6 25 9 19 17 24 11 18 25
0.0 0.16 0.51 0.9 0.26 0.85 0.73 0.68 0.3 0.25
0.16 0.0 0.23 0.68 0.53 0.86 0.51 0.54 0.67 0.37
0.51 0.23 0.0 0.63 0.1 0.85 0.62 0.39 0.47 0.16
0.9 0.68 0.63 0.0 0.14 0.27 0.39 0.15 0.47 0.91
0.26 0.53 0.1 0.14 0.0 0.38 0.16 0.28 0.83 0.33
0.85 0.86 0.85 0.27 0.38 0.0 0.62 0.38 0.22 0.29
0.73 0.51 0.62 0.39 0.16 0.62 0.0 0.22 0.04 0.37
0.68 0.54 0.39 0.15 0.28 0.38 0.22 0.0 0.66 0.42
0.3 0.67 0.47 0.47 0.83 0.22 0.04 0.66 0.0 0.81
0.25 0.37 0.16 0.91 0.33 0.29 0.37 0.42 0.81 0.0
0.0 0.0 0.0 0.0 0.0 0.0 0.0 0.0 0.0 0.0
0.83 0.53
0.86 0.3
0.87 0.5
0.45 0.65
0.19 0.33
0.28 0.88
0.64 0.69
0.68 0.73
0.7 0.34
0.14 0.91
0.93 0.44 0.7 0.4 0.01 0.24 1.0 0.96 0.98 0.99 0.49 0.53 0.76 0.1 0.5 0.52 0.32 0.39 0.1 0.46 0.02 0.93 0.37 0.26 0.51 0.72 0.29 0.52 0.14 0.37 0.34 0.79 0.19 0.54 0.23 0.94 0.55 0.48 0.32 0.93 0.13 0.23 0.24 0.78 0.78 0.48 0.49 0.61 0.33 0.39 0.29 0.94 0.74 0.44 0.41 0.26 0.04 0.0 0.56 0.38 0.79 0.48 0.8 0.35 0.29 0.98 0.75 0.61 0.9 1.0 0.6 0.78 0.56 0.08 0.06 0.24 0.84 0.37 0.88 0.24 0.82 0.53 0.25 0.67 0.16 0.76 0.88 0.74 0.01 0.37 0.86 0.61 0.44 0.7 0.82 0.38 0.01 0.09 0.44 0.94 0.75 0.19 0.56 0.03 0.24 0.89 0.27 0.67 0.6 0.16 0.52 0.41 0.15 0.13 0.34 0.9 0.68 0.56 0.76 0.16 0.78 0.73 0.05 0.73 0.62 0.94 0.42 0.07 0.17 0.62 0.47 0.69 0.62 0.85 0.94 0.04 0.16 0.8 0.79 0.32 0.71 0.44 0.71 0.24 0.34 0.34 0.89 0.54 0.29 0.19 0.97 0.49 0.14 0.08 0.41 0.6 0.41 0.72 0.17 0.03 0.72 0.07 0.74 0.92 0.07 0.27 0.54 0.22 0.89 0.06 0.89 0.08 0.74 0.44 0.94 0.1 0.75 0.18 0.38 0.96 0.39 0.5 0.86 0.04 0.03 0.14 0.04 0.03 0.3 0.78 0.01 0.27 0.48 0.89 0.01 0.24 0.87 0.42 0.86 0.78
0.49 0.23 0.54 0.38 0.24 0.6 0.09 0.8 0.54 0.24 0.54 0.37 0.31 0.67 0.58 0.62 0.15 0.38 0.41 0.62 0.2 0.01 0.75 0.58 0.68 0.15 0.95 0.38 0.99 0.48 0.7 0.63 0.68 0.1 0.86 0.59 0.86 0.29 0.26 0.88 0.73 0.21 0.57 0.16 0.3 0.61 0.76 0.91 0.63 0.23 0.01 0.77 0.24 0.77 0.54 0.4 0.9 0.85 0.74 0.26 0.32 0.62 0.38 0.37 0.23 0.7 0.84 0.57 0.82 0.54 0.37 0.11 0.53 0.65 0.01 0.26 0.24 0.22 0.09 0.39 0.94 0.35 0.06 0.04 0.87 0.74 0.89 0.26 0.32 0.97 0.31 0.2 0.84 0.11 0.87 0.22 0.91 0.52 0.37 0.26 0.87 0.92 0.94 0.31 0.51 0.24 0.98 0.83 0.47 0.34 0.76 0.47 0.17 0.04 0.77 0.53 0.73 0.81 0.24 0.47 0.49 0.65 0.81 0.53 0.05 0.13 0.49 0.0 0.67 0.82 0.3 0.94 0.37 0.69 0.27 0.75 0.75 0.12 0.9 0.08 0.92 0.37 0.5 0.88 0.58 0.61 0.95 0.84 0.59 0.46 0.98 0.18 0.06 0.34 0.33 0.67 0.93 0.93 0.46 0.34 0.64 0.83 0.75 0.96 0.2 0.22 0.22 0.17 0.43 0.47 0.18 0.72 0.5 0.3 0.78 0.8 0.66 0.62 0.91 0.96 0.95 0.13 0.09 0.89 0.38 0.22 0.18 0.18 0.44 0.82 0.85 0.97 0.31 0.4 0.59 0.08 0.39 0.36 0.17 0.5
0.27 0.35 0.17 0.16 0.09 0.41 0.98 0.53 0.48 0.77 0.46 0.38 0.87 0.02 0.66 0.91 0.7 0.3 0.77 0.43 0.43 0.93 0.59 0.83 0.33 0.85 0.42 0.03 0.12 0.61 0.32 0.69 0.32 0.64 0.69 0.89 0.66 0.91 0.51 0.73 0.65 0.76 0.03 0.27 0.16 0.28 0.03 0.37 0.63 0.75 0.51 0.25 0.18 0.91 0.47 0.2 0.19 0.81 0.81 0.48 0.2 0.17 0.88 0.88 0.46 0.13 0.96 0.59 0.24 0.15 0.52 0.29 0.1 0.81 0.71 0.12 0.99 0.6 0.94 0.19 0.28 0.18 0.32 0.72 0.52 0.38 0.02 0.33 0.75 0.09 0.8 0.78 0.67 0.85 0.23 0.71 0.86 0.54 0.92 0.45 0.94 0.03 1.0 0.57 0.36 0.56 0.53 0.2 0.04 0.06 0.37 0.71 0.96 0.53 0.63 0.11 0.28 0.53 0.67 0.25 0.94 0.26 0.62 0.93 0.69 0.76 0.94 0.05 0.24 0.25 0.9 0.25 0.72 0.62 0.86 0.89 0.88 0.93 0.31 0.31 0.83 0.22 0.68 0.61 0.68 0.09 0.14 0.77 0.19 0.19 0.18 0.93 0.8 0.09 0.32 0.07 0.75 0.37 0.96 0.47 0.59 0.69 0.72 0.25 0.95 0.47 0.56 0.19 0.08 0.14 0.27 0.64 0.21 0.8 0.25 0.41 0.68 0.1 0.22 0.09 0.8 0.93 0.39 0.64 0.39 0.51 0.16 0.91 0.84 0.18 0.34 0.61 0.57 0.94 0.68 0.89 0.02 0.83 0.75 0.09
0.03 0.75 0.04 0.39 0.18 0.99 0.4 0.02 0.09 0.62 0.39 0.77 0.42 0.89 0.25 0.48 0.61 0.78 0.59 0.57 0.1 0.47 0.62 0.66 0.23 0.68 0.66 0.34 0.01 0.5 0.7 0.48 0.49 0.09 0.62 0.38 0.04 0.14 0.28 0.07 0.71 0.74 0.71 0.21 0.03 0.38 0.91 0.77 0.8 0.53 0.84 0.36 0.66 0.62 0.48 0.99 0.28 0.54 0.49 0.0 0.64 0.13 0.35 0.75 0.12 0.84 0.26 0.37 0.15 0.58 0.2 0.43 0.79 0.82 0.77 0.86 0.0 0.53 0.03 0.37 0.41 0.47 0.98 0.77 0.42 0.14 0.73 0.41 0.27 0.15 0.72 0.08 0.21 0.32 0.11 0.34 0.96 0.81 0.47 0.4 0.33 0.16 0.12 0.0 0.72 0.76 0.74 0.52 0.53 0.18 0.0 0.75 0.3 0.24 0.69 0.37 0.84 0.78 0.53 0.45 0.8 0.6 0.21 0.62 0.22 0.04 0.01 0.07 0.07 0.35 0.35 0.58 0.25 0.68 0.12 0.12 0.31 0.13 0.84 0.26 0.59 0.21 0.88 0.99 0.22 0.92 0.91 0.25 0.5 0.83 0.74 0.94 0.9 0.76 0.85 0.17 0.14 0.47 0.26 0.97 0.84 0.06 0.47 0.85 0.99 0.53 0.76 0.07 0.86 0.89 0.85 0.92 0.28 0.37 0.45 0.79 0.12 0.31 0.02 0.48 0.78 0.88 0.66 0.64 0.94 0.93 0.86 0.63 0.83 0.01 0.91 0.94 0.06 0.1 0.93 0.13 0.16 0.1 0.43 0.62
0.62 0.01 0.96 0.13 0.65 0.47 0.76 0.64 0.87 0.82 0.96 0.08 0.09 0.32 0.49 0.94 0.49 0.63 0.43 0.3 0.43 0.88 0.96 0.94 0.24 0.85 0.34 0.41 0.12 0.72 0.38 0.13 0.81 0.5 0.22 0.37 0.13 0.38 0.82 0.4 0.78 0.91 0.6 0.9 0.32 0.34 0.37 0.53 0.26 0.13 0.7 0.93 0.87 0.98 0.53 0.63 0.4 0.51 0.94 0.38 0.03 0.96 0.78 0.56 0.45 0.93 0.21 0.41 0.68 0.42 0.23 0.19 0.55 0.71 0.03 0.44 0.98 0.35 0.62 0.6 0.86 0.1 0.8 0.1 0.64 0.61 0.49 0.47 0.1 0.01 0.62 0.37 0.99 0.16 0.21 0.71 0.02 0.57 0.19 0.52 0.81 0.28 0.56 0.23 0.67 0.08 0.43 0.77 0.61 0.25 0.47 0.15 0.15 0.41 0.35 0.21 0.57 0.15 0.01 0.51 0.44 0.11 0.87 0.71 0.29 0.13 0.76 0.54 0.94 0.42 0.97 0.11 0.92 0.31 0.22 0.2 0.09 0.67 0.29 0.16 0.62 0.79 0.3 0.56 0.67 0.8 0.21 0.98 0.02 0.12 0.92 0.48 0.64 0.89 0.56 0.38 0.28 0.7 0.5 0.54 0.9 0.97 0.33 0.26 0.2 0.97 0.42 0.63 0.96 0.01 0.18 0.92 0.86 0.33 0.86 0.55 0.9 0.08 0.65 0.89 0.54 0.38 0.77 0.77 0.51 0.79 0.16 0.39 0.16 0.15 0.98 0.69 0.96 0.69 0.44 0.87 0.69 0.02 0.89 0.28
0.27 0.63 0.18 0.33 0.25 0.04 0.56 0.35 0.36 0.14 0.54 0.73 0.2 0.71 0.13 0.58 0.28 0.77 0.58 0.85 0.72 0.69 0.52 0.04 0.61 0.54 0.6 0.37 0.64 0.22 0.33 0.34 0.42 0.83 0.75 0.71 0.08 0.47 0.5 0.42 0.82 0.28 0.34 0.61 0.89 0.15 0.91 0.43 0.85 0.47 0.06 0.34 0.96 0.02 0.38 0.06 0.36 0.77 0.83 0.16 0.1 0.65 0.8 0.7 0.15 0.66 0.07 0.28 0.65 0.09 0.03 0.46 0.42 0.25 0.46 0.98 0.0 0.92 0.33 0.35 0.83 0.19 0.7 0.63 0.4 0.33 0.54 0.22 0.53 0.38 0.88 0.09 0.49 0.13 0.29 0.11 0.15 0.78 0.41 0.07 0.05 0.43 0.54 0.56 0.88 0.15 0.92 0.95 0.16 0.62 0.24 0.8 0.92 0.54 0.64 0.45 0.76 0.82 0.92 0.84 0.84 0.7 0.08 0.1 0.73 0.0 0.52 0.52 0.74 0.46 0.02 0.16 0.37 0.25 0.19 0.01 0.36 0.34 0.53 0.01 0.15 0.65 0.54 0.56 0.18 0.5 0.28 0.29 0.29 0.5 0.24 0.32 0.92 0.97 0.35 0.75 0.96 0.32 0.28 0.31 1.0 0.26 0.64 0.01 0.55 0.51 0.06 0.62 0.64 0.8 0.64 0.77 0.43 0.91 0.39 0.98 0.95 0.99 0.65 0.97 0.54 0.14 0.17 0.12 0.81 0.75 0.83 0.32 0.69 0.36 0.56 0.56 0.77 0.15 0.88 0.73 0.29 0.16 0.63 0.22
0.47 0.73 0.74 0.34 0.11 0.05 0.63 0.88 0.93 0.52 1.0 0.69 0.32 0.96 0.33 0.48 0.08 0.33 0.55 0.98 0.36 0.98 0.68 0.76 0.37 0.29 0.24 0.72 0.8 0.98 0.65 0.45 0.41 0.52 0.17 0.85 0.14 0.03 0.42 0.04 0.8 0.3 0.31 0.75 0.98 0.74 0.5 0.79 0.2 0.9 0.0 0.33 0.58 0.29 0.46 0.92 0.83 0.66 0.37 0.98 0.82 0.63 0.67 0.95 0.82 0.27 0.09 0.11 0.1 0.17 0.99 0.25 0.36 0.2 0.37 0.61 0.41 0.44 0.63 0.32 0.16 0.24 0.86 0.9 0.55 0.64 0.86 0.81 0.7 0.01 0.8 0.58 0.17 0.17 0.97 0.55 0.94 0.16 0.31 0.41 0.34 0.73 0.24 0.15 0.7 0.89 0.52 0.28 0.32 0.27 0.95 0.72 0.87 0.5 0.1 0.53 0.39 0.22 0.65 0.15 0.72 0.49 0.66 0.56 0.77 0.47 0.7 0.67 0.33 0.83 0.25 0.32 0.61 0.64 0.92 0.2 0.7 0.03 0.71 0.49 0.52 0.63 0.03 0.81 0.06 0.69 0.16 0.56 0.43 0.72 0.43 0.87 0.12 0.84 0.17 0.12 0.96 0.69 0.48 0.58 0.03 0.01 0.58 0.95 0.02 0.29 0.81 0.45 0.7 0.73 0.65 0.63 0.12 0.13 0.3 0.09 0.98 0.53 0.09 0.61 0.65 0.52 0.49 0.73 0.59 0.8 0.33 0.2 0.97 0.94 0.83 0.16 0.1 0.56 0.57 0.19 0.73 0.76 0.67 0.45
0.64 0.82 0.17 0.09 0.68 0.81 0.26 0.75 0.26 0.01 0.34 0.08 0.06 0.09 0.66 0.81 0.63 0.22 0.77 0.68 0.33 0.2 0.26 0.14 0.94 0.46 0.7 0.78 0.04 0.53 0.12 0.5 0.42 0.19 0.4 0.8 0.89 0.12 0.97 0.17 0.5 0.43 0.9 0.25 0.32 0.44 0.88 0.15 0.09 0.01 0.23 0.11 0.19 0.94 0.94 0.75 0.14 0.27 0.6 0.95 0.28 0.79 0.4 0.2 0.56 0.77 0.12 0.43 0.92 0.88 0.85 0.03 0.43 0.81 0.88 0.18 0.83 0.99 0.71 0.01 0.62 0.28 0.98 0.03 0.36 0.04 0.59 0.44 0.13 0.39 0.05 0.28 0.48 0.55 0.31 0.46 0.79 0.29 0.84 0.14 0.01 0.89 0.5 0.09 0.64 0.26 0.94 0.65 0.12 0.3 0.13 0.21 0.85 0.63 0.63 0.27 0.22 0.89 0.99 0.46 0.44 0.16 0.99 0.95 0.23 0.95 0.17 1.0 0.52 0.11 0.87 0.94 0.32 0.89 0.5 0.22 0.32 0.0 0.6 0.64 0.47 0.38 0.61 0.11 0.87 0.91 0.36 0.63 0.76 0.01 0.82 0.24 0.68 0.32 0.59 0.98 0.32 0.05 0.81 0.89 0.06 0.35 0.45 0.15 0.79 0.22 0.28 0.52 0.3 0.5 0.6 0.86 0.23 0.03 0.02 0.66 0.71 0.15 0.76 0.75 0.63 0.29 0.63 0.17 0.38 0.98 0.98 0.72 0.67 0.25 0.93 0.71 0.69 0.72 0.55 0.09 0.59 0.58 0.62 0.94
0.02 0.94 0.11 0.05 0.07 0.57 0.91 0.33 0.02 0.1 0.56 0.93 0.64 0.13 0.86 0.66 0.66 0.13 0.96 0.61 0.88 0.58 0.88 0.15 0.97 0.29 0.31 0.1 0.51 0.78 0.24 0.96 0.05 0.31 0.26 0.46 0.06 0.37 0.48 0.12 0.62 0.3 0.31 0.8 0.05 0.65 0.16 0.26 0.46 0.08 0.33 0.2 0.55 0.9 0.02 0.67 0.59 0.6 0.94 0.08 0.36 0.71 0.24 0.83 0.25 0.86 0.28 0.25 0.18 0.87 0.72 0.47 0.47 0.28 0.5 0.25 0.53 0.19 0.35 0.72 0.14 0.13 0.98 0.55 0.17 0.95 0.82 0.19 0.1 0.35 0.92 0.27 0.49 0.41 0.45 0.76 0.69 0.72 0.65 0.91 0.57 0.8 0.95 0.42 0.86 0.83 0.95 0.66 0.2 0.32 0.5 0.34 0.6 0.63 0.0 0.72 0.36 0.24 0.0 0.67 0.67 0.85 0.06 0.52 0.09 0.89 0.43 0.34 0.75 0.53 0.63 0.09 0.96 0.0 0.89 0.92 0.41 0.31 0.32 0.33 0.65 0.9 0.74 0.73 0.38 0.36 0.67 0.1 0.13 0.21 0.53 0.23 0.73 0.48 0.21 0.21 0.69 0.19 0.4 0.89 0.49 0.44 0.65 0.07 0.81 0.97 0.93 0.09 0.5 0.62 0.3 0.75 0.93 0.43 0.22 0.29 0.1 0.31 0.9 0.2 0.55 0.7 0.2 0.3 0.41 0.66 0.01 0.37 0.51 0.23 0.12 0.61 0.03 0.43 0.36 0.38 0.49 0.04 0.02 0.18
0.25 0.61 0.25 0.48 0.86 0.68 0.45 0.71 0.72 0.9 0.11 0.49 0.71 0.75 0.05 0.78 0.47 0.45 0.87 0.45 0.14 0.95 0.61 0.06 0.81 0.25 0.01 0.89 0.86 0.73 0.51 0.59 0.7 0.19 0.95 0.15 0.27 0.68 0.53 0.55 0.69 0.4 0.63 0.11 0.05 0.59 0.5 0.47 0.88 0.85 0.83 0.56 0.77 0.31 0.83 0.21 0.2 0.93 0.04 0.65 0.17 0.03 0.35 0.03 0.58 0.64 0.86 0.59 0.92 0.78 0.36 0.9 0.3 0.26 0.84 0.07 0.51 0.37 0.2 0.99 0.27 0.79 0.37 0.76 0.63 0.65 0.63 0.98 0.87 0.99 0.87 0.35 0.13 0.51 0.02 0.38 0.39 0.55 0.42 0.5 0.89 0.83 0.84 0.04 0.51 0.02 0.17 0.58 0.36 0.57 0.46 0.13 0.11 0.03 0.05 0.21 0.99 0.3 0.48 0.47 0.28 0.09 0.71 0.28 0.69 0.58 0.99 0.57 0.43 0.17 0.76 0.46 0.7 0.4 0.66 0.73 0.81 0.66 0.02 0.66 0.24 0.39 0.79 0.2 0.5 0.37 0.11 0.54 0.49 1.0 0.15 0.04 0.68 0.16 0.92 0.63 0.79 0.41 0.72 0.84 0.88 0.83 0.46 0.6 0.47 0.59 0.81 0.33 0.63 0.39 0.5 0.51 0.91 0.5 0.37 0.76 0.07 0.91 0.63 0.73 0.48 0.98 0.12 0.8 0.24 0.31 0.84 0.15 0.66 0.18 0.98 0.72 0.32 0.06 0.5 0.67 0.46 0.35 0.15 0.68
0.24 0.18 0.52 0.79 0.99 1.0 0.63 0.15 0.19 0.19 0.6 0.54 0.81 0.89 0.21 0.45 0.46 0.41 0.43 0.3 0.49 0.4 0.27 0.93 0.67 0.21 0.37 0.44 0.29 0.6 0.58 0.31 0.47 0.22 0.89 0.13 0.47 0.93 0.24 0.24 0.15 0.52 0.77 0.5 0.28 0.77 0.19 0.5 0.64 0.25 0.88 0.5 0.44 0.46 0.36 0.56 0.42 0.71 0.41 0.57 0.97 0.24 0.86 0.45 0.51 0.49 0.89 0.17 0.77 0.67 0.71 0.4 0.2 0.8 0.95 0.44 0.77 0.44 0.68 0.47 0.52 0.72 0.72 0.13 0.98 0.93 0.12 0.55 0.76 0.41 0.63 0.63 0.22 0.49 0.15 0.72 0.49 0.31 0.87 0.76 0.19 0.91 0.77 0.51 0.51 0.31 0.4 0.19 0.24 0.77 0.2 0.55 0.36 0.77 0.22 0.3 0.28 0.52 0.49 0.66 0.32 0.63 0.63 0.94 0.78 0.7 0.35 0.12 0.99 0.67 0.93 0.15 0.43 0.81 0.95 0.95 0.23 0.77 0.48 0.6 0.12 0.13 0.84 0.44 0.9 0.11 0.58 0.65 0.73 0.12 0.41 0.67 0.88 0.38 0.66 0.34 0.79 0.4 0.81 0.45 0.65 0.8 0.9 0.48 0.46 0.93 0.13 0.84 0.12 0.6 0.66 0.75 0.61 0.75 0.7 0.83 0.66 0.37 0.94 0.69 0.86 0.53 0.26 0.57 0.86 0.27 0.22 0.57 0.39 0.33 0.76 0.14 0.61 0.2 0.47 0.79 0.88 0.48 0.95 0.4
0.59 0.18 0.46 0.64 0.8 0.91 0.84 0.92 0.86 0.84 0.4 0.16 0.4 0.61 0.26 0.68 0.5 0.55 0.11 0.45 0.38 0.84 0.9 0.34 0.24 0.49 0.64 0.59 0.63 0.46 0.5 0.76 0.75 0.92 0.67 0.51 0.77 0.26 0.75 0.86 0.37 0.66 0.16 0.98 0.4 0.44 0.73 0.95 0.56 0.99 0.98 0.99 0.49 0.39 0.85 0.55 0.11 0.22 0.66 0.17 0.6 0.39 0.43 0.52 0.24 0.36 0.63 0.99 0.56 0.17 0.35 0.43 0.75 0.47 0.39 0.12 0.4 0.58 0.27 0.84 0.53 0.38 0.85 0.63 0.47 0.58 0.32 0.25 0.58 0.6 0.53 0.79 0.61 0.18 0.12 0.23 0.49 0.86 0.37 0.94 0.6 0.47 0.96 0.24 0.47 0.36 0.49 0.8 0.2 0.27 0.7 0.37 0.64 0.87 0.33 0.63 0.81 0.66 0.69 0.15 0.36 0.71 0.35 0.4 0.41 0.24 0.38 0.22 0.53 0.91 0.57 0.88 0.54 0.59 0.74 0.99 0.7 0.22 0.39 0.51 0.21 0.74 0.6 0.53 0.56 0.56 0.66 0.66 0.49 0.97 0.94 0.78 0.73 0.47 0.49 0.86 0.18 0.41 0.25 0.83 0.65 0.24 0.76 0.42 0.38 0.42 0.18 0.44 0.82 0.84 0.83 0.61 0.95 0.72 0.19 0.41 0.19 0.53 0.71 0.7 0.14 0.69 0.24 0.29 0.69 0.2 0.25 0.81 0.65 0.33 0.24 0.72 0.85 0.73 0.79 0.15 0.65 0.79 0.67 0.19
0.6 0.19 0.55 0.83 0.81 0.58 0.78 0.91 0.87 0.75 0.13 0.57 0.34 0.12 0.22 0.15 0.57 0.15 0.3 0.98 0.73 0.12 0.67 0.2 0.9 0.93 0.54 0.13 0.44 0.46 0.75 0.44 0.78 0.92 0.7 0.43 0.27 0.42 0.53 0.33 0.53 0.25 0.22 0.5 0.73 0.41 0.25 0.25 0.6 0.56 0.16 0.19 0.19 0.39 0.83 0.88 0.14 0.85 0.8 0.55 0.13 0.39 0.85 0.78 0.14 0.69 0.77 0.72 0.49 0.39 0.12 0.41 0.53 0.43 0.92 0.65 0.47 0.33 0.58 0.54 0.13 0.61 0.92 0.15 0.44 0.25 0.1 0.71 0.92 0.6 0.92 0.82 0.69 0.59 0.74 0.87 0.22 0.24 0.6 0.25 0.59 0.57 0.31 0.49 0.51 0.47 0.16 0.83 0.92 0.91 0.19 0.23 0.39 0.14 0.82 0.27 0.26 0.84 0.23 0.46 0.96 0.45 0.38 0.59 0.35 0.88 0.96 0.76 0.83 0.7 0.26 0.6 0.46 0.15 0.91 0.57 0.43 0.87 0.69 0.53 0.12 0.22 0.58 0.37 0.24 0.95 0.61 0.37 0.55 0.67 0.63 0.3 0.23 0.77 0.28 0.37 0.3 0.46 0.13 0.77 0.29 0.91 0.11 0.68 0.3 0.4 0.56 0.95 0.24 0.55 0.11 0.3 0.97 0.69 0.43 0.75 0.97 0.89 0.53 0.52 0.71 0.5 0.48 0.27 0.68 0.26 0.61 0.77 0.42 0.69 0.84 0.81 0.96 0.51 0.71 0.41 0.98 0.3 0.3 0.24
0.25 0.24 0.56 0.44 0.3 0.81 0.29 0.67 0.95 0.19 0.72 0.15 0.51 0.88 0.7 0.39 0.13 0.65 0.79 0.13 0.98 0.34 0.21 0.19 0.51 0.6 0.8 0.3 0.4 0.18 0.51 0.57 0.52 0.27 0.34 0.41 0.99 0.11 0.33 0.39 0.79 0.71 0.8 0.17 0.63 0.95 0.91 0.69 0.12 0.8 0.87 0.24 0.25 0.49 0.57 0.49 0.44 0.93 0.58 0.34 0.42 0.24 0.46 0.25 0.34 0.57 0.63 0.59 0.38 0.56 0.89 0.29 0.9 0.14 0.12 0.64 0.62 0.41 0.68 0.48 0.24 0.21 0.97 0.8 0.84 0.4 0.32 0.43 0.17 0.13 0.17 0.36 0.84 0.95 0.85 0.47 0.29 0.18 0.56 0.19 0.43 0.76 0.54 0.97 0.74 0.87 0.94 0.24 0.54 0.3 0.44 0.49 0.69 0.42 0.25 0.44 0.94 0.64 0.63 0.37 0.74 0.65 0.6 0.62 0.8 0.26 0.64 0.35 0.54 0.33 0.53 0.13 0.92 0.6 0.61 0.12 0.93 0.18 0.82 0.92 0.39 0.84 0.13 0.58 0.7 0.27 0.56 0.76 0.91 0.39 0.82 0.89 0.88 0.68 0.57 0.58 0.76 0.39 0.24 0.61 0.38 0.17 0.45 0.56 0.86 0.14 0.94 0.2 0.13 0.81 0.66 0.46 0.73 0.68 0.38 0.88 0.76 0.6 0.27 0.54 0.24 0.56 0.69 0.99 0.34 0.91 0.33 0.19 0.76 0.67 0.91 0.4 0.97 0.76 0.42 0.82 0.32 0.24 0.56 0.99
0.13 0.4 0.76 0.86 0.52 0.99 0.61 1.0 0.73 0.46 0.88 0.35 1.0 0.19 0.83 0.23 0.77 0.56 0.46 0.89 0.36 0.38 0.43 0.43 0.65 0.38 0.66 0.63 0.53 0.57 0.13 0.18 0.9 0.85 0.97 0.21 0.82 0.86 0.3 0.24 0.16 0.44 0.33 0.53 0.93 0.11 0.61 0.75 0.21 0.17 0.44 0.93 0.37 0.9 0.31 0.22 0.83 0.59 0.66 0.37 0.4 0.27 0.29 0.11 0.14 0.28 0.45 0.6 0.21 0.97 0.52 0.88 0.51 0.67 0.11 0.45 0.67 0.25 0.85 0.95 0.7 0.19 0.3 0.23 0.83 0.9 0.44 0.14 0.45 0.59 0.44 0.77 0.67 0.11 0.5 0.55 0.29 0.32 0.84 0.79 0.24 0.84 0.3 0.69 0.59 0.61 0.34 0.67 0.56 0.77 0.19 0.35 0.74 0.13 0.25 0.92 0.64 0.38 0.99 0.77 0.98 0.55 0.61 0.44 0.35 0.22 0.44 0.84 0.95 0.33 0.54 0.51 0.23 0.61 0.7 0.23 0.87 0.39 0.22 0.35 0.67 0.74 0.58 0.79 0.29 0.85 0.84 0.82 0.93 0.18 0.44 0.42 0.59 0.93 0.19 0.15 0.4 0.86 0.94 0.78 0.32 0.17 0.16 0.59 0.16 0.57 0.79 0.84 0.36 0.24 0.9 0.88 0.55 0.55 0.91 0.27 0.84 0.19 0.69 0.14 0.73 0.2 0.25 0.83 0.58 0.17 0.89 0.3 0.27 0.22 0.58 0.16 0.16 0.57 0.51 0.18 0.75 0.46 0.86 0.82
0.47 0.59 0.12 0.18 0.28 0.99 0.5 0.96 0.19 0.24 0.27 0.61 0.91 0.84 0.65 0.71 0.8 0.3 0.81 0.43 0.73 0.72 0.91 0.78 0.22 0.78 0.13 0.11 0.91 0.26 0.73 0.53 0.28 0.38 0.29 0.92 0.75 0.97 0.68 0.81 0.83 0.53 0.79 0.71 0.4 0.21 0.22 0.51 0.47 0.38 0.7 0.49 0.67 0.51 0.95 0.2 0.23 0.61 0.53 0.21 0.61 0.88 0.17 0.28 0.53 0.14 0.91 0.81 0.92 0.8 0.25 0.75 0.55 0.72 0.36 0.81 0.9 0.22 0.25 0.14 0.33 0.84 0.3 0.44 0.23 0.34 0.68 0.6 0.39 0.9 0.46 0.35 0.52 0.39 0.17 0.7 0.86 0.31 0.53 0.52 0.85 0.44 0.38 0.45 0.87 0.56 0.34 0.75 0.24 0.47 0.38 0.77 0.95 0.51 0.66 0.27 0.64 0.61 0.15 0.64 0.58 0.9 0.33 0.64 0.95 0.99 0.67 0.45 0.68 0.27 0.24 0.6 0.77 0.36 0.52 0.47 0.94 0.32 0.2 0.55 0.84 0.27 0.94 0.57 0.76 0.58 0.26 0.66 0.97 0.18 0.95 0.17 0.75 0.96 0.84 0.98 0.35 0.45 0.7 0.95 0.42 0.22 0.77 0.24 0.55 0.95 0.25 0.53 0.73 0.76 0.83 0.83 0.31 0.42 0.92 0.19 0.14 0.16 0.97 0.57 0.86 0.22 0.55 0.67 0.71 0.97 0.22 0.82 0.95 0.64 0.92 0.5 1.0 0.41 0.25 0.72 0.23 0.23 0.9 0.16
0.64 0.74 0.73 0.21 0.87 0.23 0.11 0.45 0.67 0.52 0.56 0.43 0.9 0.21 0.18 0.32 0.89 0.65 0.17 0.3 0.55 0.2 0.21 0.53 0.38 0.63 0.88 0.85 0.36 0.22 0.88 0.88 0.6 0.24 0.49 0.32 0.93 0.17 0.2 0.62 0.43 0.57 0.28 0.5 0.1 0.41 0.75 0.42 0.35 0.61 0.92 0.77 0.87 0.71 0.85 0.58 0.67 0.68 0.38 0.68 0.32 0.15 0.72 0.33 0.61 0.18 0.82 0.62 0.97 0.48 0.76 0.16 0.48 0.73 0.95 0.24 0.35 0.92 0.24 0.74 0.15 0.29 0.58 0.44 0.97 0.97 0.51 0.43 0.2 0.69 0.88 0.54 0.75 0.36 0.16 0.44 0.97 0.18 0.61 0.87 0.74 0.24 0.91 0.76 0.34 0.62 0.22 0.13 0.92 0.15 0.58 0.64 0.44 0.82 0.33 0.78 0.87 0.21 0.98 0.86 0.81 0.83 0.12 0.92 0.71 0.34 0.17 0.42 0.16 0.7 0.4 0.87 0.49 0.57 1.0 0.36 0.59 0.11 0.85 0.75 0.3 0.4 0.69 0.73 0.75 0.64 0.95 0.22 0.93 0.91 0.91 0.75 0.87 0.24 0.53 0.84 0.76 0.46 0.14 0.28 0.92 0.82 0.53 0.64 0.5 0.51 0.91 0.92 0.47 0.78 0.65 0.11 0.58 0.98 0.46 0.16 0.2 0.34 0.26 0.2 0.87 0.31 0.76 0.94 0.14 0.74 0.79 0.36 0.46 0.82 0.75 0.26 0.28 0.35 0.39 0.43 0.43 0.52 0.39 0.69
0.25 0.7 0.91 0.98 0.89 0.2 0.89 0.62 0.27 0.58 0.89 0.57 0.68 0.1 0.54 0.39 0.69 0.5 0.54 0.45 0.17 0.22 0.37 0.49 0.24 0.9 0.69 0.56 0.84 0.26 0.98 0.42 0.94 0.85 1.0 0.71 0.85 0.55 0.31 0.91 0.93 0.34 0.74 0.43 0.16 0.43 0.9 0.52 0.26 0.1 0.28 0.24 0.2 0.38 0.49 0.45 0.8 0.27 0.66 0.56 0.36 0.57 0.13 0.6 0.71 0.46 0.68 0.15 0.38 0.61 0.75 0.48 0.68 0.63 0.85 0.7 0.29 0.33 0.66 0.73 0.93 0.65 0.99 0.88 0.96 0.13 0.47 0.32 0.53 0.37 0.48 0.71 0.49 0.29 0.3 0.21 0.71 0.8 0.24 0.14 0.71 0.5 0.63 0.85 0.96 0.98 0.61 0.59 0.2 0.14 0.5 0.75 0.68 0.43 0.15 0.86 0.16 0.64 0.17 0.59 0.35 0.98 0.87 0.4 0.78 0.44 0.28 0.7 0.59 0.43 0.65 0.69 0.53 0.24 0.28 0.57 0.34 0.89 0.29 0.84 0.29 0.88 0.67 0.49 0.76 0.8 0.51 0.39 0.61 0.12 0.99 0.39 0.85 0.81 0.48 0.19 0.54 0.48 0.65 0.66 0.48 0.87 0.2 0.79 0.29 0.58 0.31 0.19 0.62 0.53 0.67 0.26 0.11 0.56 0.16 0.53 0.35 0.24 0.14 0.2 0.17 0.63 0.11 0.76 0.78 0.32 0.68 0.48 0.54 0.65 0.82 0.93 0.43 0.61 0.41 0.19 0.63 0.62 0.72 0.56
0.33 0.79 0.26 0.37 0.32 0.36 0.62 0.35 0.24 0.73 0.58 0.98 0.76 0.73 0.31 0.69 0.44 0.52 0.58 0.44 0.84 0.17 1.0 0.59 0.66 0.52 0.59 0.55 0.85 0.92 0.22 0.49 0.7 0.52 0.77 0.43 0.23 0.27 0.47 0.42 0.32 0.36 0.66 0.43 0.23 0.35 0.44 0.31 0.2 0.26 0.92 0.59 0.61 0.18 0.83 0.55 0.95 0.44 0.42 0.59 0.27 0.12 0.24 0.56 0.45 0.86 0.7 0.62 0.9 0.2 0.23 0.45 0.11 0.5 0.48 0.43 0.68 0.89 0.64 0.4 0.29 0.42 0.47 0.49 0.61 0.29 0.18 0.52 0.58 0.44 0.27 0.97 0.16 0.75 0.58 0.57 0.8 0.26 0.79 0.23 0.8 0.36 0.24 0.57 0.33 0.57 0.7 0.48 0.59 1.0 0.1 0.38 0.36 1.0 0.58 0.5 0.44 0.54 0.85 0.19 0.19 0.4 0.53 0.49 0.5 0.34 0.55 0.79 0.95 0.6 0.58 0.55 0.74 0.31 0.79 0.93 0.65 0.17 0.98 0.1 0.33 0.75 0.89 0.58 0.22 0.9 0.66 0.59 0.46 0.89 0.35 0.49 0.97 0.64 0.62 0.64 0.67 0.62 0.26 0.66 0.2 0.21 0.22 0.33 0.83 0.58 0.99 0.8 0.51 0.27 0.64 0.95 0.76 0.46 0.78 0.43 0.88 0.19 0.75 0.8 0.54 0.47 0.93 0.43 0.92 1.0 0.56 0.66 0.74 0.81 0.56 0.82 0.26 0.11 0.72 0.99 0.93 0.48 0.11 0.86
0.16 0.45 0.13 0.76 0.66 0.75 0.59 0.56 0.85 0.59 0.54 0.47 0.95 0.42 0.7 0.74 0.42 0.61 0.84 0.11 0.75 0.73 0.5 0.72 0.58 0.99 0.4 0.81 0.7 0.87 0.65 0.25 0.48 0.81 0.92 0.64 0.99 0.3 0.33 0.55 0.8 0.43 0.88 0.9 0.72 0.5 0.7 0.82 0.14 0.92 0.15 0.25 0.52 0.74 0.13 0.46 0.25 0.7 0.68 0.52 0.14 0.53 0.43 0.47 0.17 0.68 0.13 0.76 0.38 0.44 0.93 0.63 0.19 0.5 0.4 0.26 0.64 0.19 0.19 0.81 0.28 0.97 0.21 0.75 0.2 0.3 0.39 0.11 0.92 0.52 0.81 0.53 0.11 0.73 0.1 0.14 0.39 0.32 0.82 0.12 0.86 0.72 0.66 0.15 0.77 0.78 0.86 0.92 0.17 0.2 0.24 0.55 0.75 0.25 0.27 0.74 0.55 0.82 0.27 0.4 0.73 0.86 0.37 0.56 0.67 0.29 0.29 0.38 0.26 0.93 0.62 0.16 0.49 0.91 0.33 0.28 0.88 0.49 0.14 0.35 0.28 0.57 0.93 0.97 0.64 0.32 0.79 0.43 0.91 0.69 0.74 0.61 0.94 0.9 0.39 0.71 0.84 0.92 0.19 0.93 0.63 0.73 0.43 0.65 0.27 0.76 0.95 0.92 0.41 0.76 0.1 0.63 0.16 0.64 0.89 0.59 0.37 0.99 0.39 0.61 0.99 0.88 0.41 0.25 0.62 0.4 0.94 0.53 0.43 0.9 0.18 0.64 0.58 0.67 0.58 0.97 0.52 0.15 0.31 0.19
