100 5 2 3 2120
242.72 223.04 227.36 223.04 253.92
15 23 22 13 17 7 20 17 16 7 19 8 18 15 19 5 22 22 8 21 15 12 12 24 21 17 15 23 22 20 9 21 5 20 10 10 5 17 16 18 17 21 14 5 7 16 17 10 5 14 10 20 22 25 16 21 21 20 10 7 7 19 9 24 17 16 23 5 9 20 20 11 16 17 6 23 12 22 11 13 10 8 17 8 12 22 8 8 13 12 5 23 24 20 19 16 23 16 6 23
10 12 19 10 12 14 9 21 11 21 12 16 14 6 9 20 15 12 10 6 10 24 5 20 5 20 15 25 21 17 19 15 6 14 17 20 9 6 15 24 18 22 5 5 12 18 5 14 9 19 14 7 25 19 19 11 19 11 15 6 8 15 5 23 25 9 25 25 16 9 11 5 22 7 23 7 17 6 19 16 11 5 21 15 11 15 16 17 13 12 8 8 24 11 11 18 17 12 8 9
14 23 19 8 19 9 20 13 22 10 10 5 21 5 10 14 7 11 6 21 16 5 23 10 8 10 22 19 17 5 8 25 10 8 7 18 18 12 23 9 20 18 11 16 24 11 24 12 8 10 9 7 14 9 24 21 8 10 19 17 8 8 15 23 19 8 10 23 9 21 21 13 24 19 23 10 14 20 17 21 12 14 25 8 9 5 15 7 10 11 22 18 25 19 7 9 12 19 5 11
19 6 23 13 5 12 17 8 10 21 19 10 14 5 5 17 25 6 17 14 18 19 15 19 19 5 11 5 19 6 10 8 12 15 21 14 16 23 6 5 7 11 15 8 19 13 21 21 22 11 13 17 16 5 14 25 13 11 23 17 9 23 9 6 16 10 18 17 25 21 10 8 16 18 15 5 9 25 23 14 13 14 15 8 11 13 9 21 7 9 18 7 10 22 20 17 14 8 5 22
23 19 13 11 18 7 22 20 20 18 24 10 18 20 22 21 22 17 8 15 17 19 23 7 14 8 14 13 22 19 8 22 18 11 12 12 9 14 15 13 20 10 24 18 19 17 16 6 17 11 14 12 16 13 11 14 14 9 8 16 19 10 19 7 23 22 12 23 21 15 11 8 14 24 23 15 16 15 17 18 18 23 10 10 9 21 11 14 24 7 12 21 22 19 16 10 14 25 23 23
0.0 0.29 0.12 0.7 0.12
0.29 0.0 0.14 0.2 0.43
0.12 0.14 0.0 0.51 0.0
0.7 0.2 0.51 0.0 0.93
0.12 0.43 0.0 0.93 0.0
0.6 0.35 0.34 0.51 0.32
0.13 0.44
0.38 0.76
0.36 0.17
0.5 0.51
0.98 0.61
0.23 0.45 0.65 0.07 0.24 0.38 0.9 0.53 0.63 0.23 0.11 0.25 0.78 0.28 0.44 0.86 0.15 0.93 0.64 0.54 0.73 0.76 0.88 0.62 0.23 0.18 0.32 0.29 0.31 0.46 0.08 0.81 0.62 0.85 0.24 0.91 0.79 0.42 0.89 0.27 0.77 0.68 0.45 0.51 0.75 0.81 0.81 0.91 0.66 0.56 0.05 0.54 0.13 0.8 0.18 0.44 0.65 0.62 0.29 0.04 0.8 0.67 0.49 0.78 0.02 0.04 0.25 0.67 0.72 0.42 0.08 0.58 0.14 0.64 0.7 0.7 0.68 0.48 0.71 0.64 0.41 0.69 0.92 0.87 0.21 0.16 0.82 0.92 0.53 0.28 0.5 0.9 0.03 0.5 0.32 0.75 0.57 0.59 0.79 0.32
0.43 0.74 0.73 0.1 0.4 0.97 0.94 0.46 0.66 0.92 0.51 0.4 0.94 0.87 0.67 0.08 0.83 0.31 0.17 0.74 0.71 0.76 0.68 0.26 0.72 0.47 0.52 0.04 0.2 0.16 0.55 0.87 0.91 0.82 0.82 0.16 0.41 0.94 0.71 0.88 0.69 0.76 0.15 0.98 0.74 0.17 0.79 0.95 0.12 0.07 0.42 0.66 0.0 0.66 0.7 0.46 0.72 0.86 0.56 0.09 0.59 0.45 0.97 0.35 0.82 0.03 0.21 0.88 0.92 0.09 0.48 0.81 0.8 0.7 0.1 0.95 0.29 0.26 0.12 0.63 0.36 0.52 0.34 0.87 0.49 0.12 0.43 0.14 0.23 0.6 0.93 0.62 0.57 0.71 0.06 0.45 0.29 0.77 0.99 1.0
0.65 0.51 0.36 0.19 0.79 0.61 0.17 0.43 0.24 0.64 0.51 0.93 0.29 0.52 0.9 0.31 0.41 0.99 0.39 0.72 0.42 0.54 0.23 0.82 0.09 0.71 0.03 0.3 0.61 0.72 0.25 0.72 0.37 0.54 0.42 0.81 0.46 0.45 0.77 0.43 0.41 0.16 0.32 0.87 0.91 0.23 0.05 0.53 0.65 0.32 0.58 0.22 0.96 0.12 0.9 0.64 0.94 0.05 0.75 0.18 0.57 0.08 0.27 0.45 0.84 0.97 0.96 0.99 0.34 0.5 0.03 0.08 0.65 0.35 0.46 0.84 0.47 0.39 0.87 0.94 0.22 0.88 0.46 0.63 0.55 0.46 0.71 0.69 0.24 0.34 0.78 0.56 0.4 0.11 0.63 0.06 0.28 0.0 1.0 0.58
0.06 0.66 0.21 0.41 0.87 0.38 0.93 0.32 0.91 0.37 0.36 0.18 0.82 0.97 0.22 0.61 0.77 0.1 0.35 0.85 0.01 0.15 0.3 0.6 0.12 0.98 0.19 0.1 0.39 0.84 0.4 0.23 0.3 0.34 0.25 0.4 0.38 0.24 0.54 0.8 0.74 0.41 0.95 0.2 0.05 0.37 0.07 0.58 0.96 0.17 0.63 0.76 0.17 0.73 0.15 0.9 0.65 0.09 0.52 0.51 0.59 0.73 0.37 0.77 0.63 0.05 0.34 0.57 0.05 0.77 0.29 0.1 0.58 0.32 0.4 0.66 0.52 0.84 0.72 0.62 0.08 0.18 0.89 0.32 0.88 0.53 0.32 0.83 0.29 0.47 0.83 0.47 0.22 0.31 0.71 0.83 0.42 0.93 0.94 0.03
0.0 0.21 0.69 0.7 0.8 0.57 0.57 0.2 0.45 0.75 0.18 0.04 0.39 0.02 0.83 0.03 0.47 0.67 0.81 0.03 0.69 0.53 0.83 0.84 0.98 0.2 0.3 0.2 0.41 0.62 0.92 0.57 0.44 0.37 0.54 0.51 0.54 0.62 0.43 0.63 0.03 0.69 0.83 0.78 0.31 0.05 0.86 0.01 0.41 0.58 0.51 0.73 0.68 0.01 0.73 0.45 0.96 0.92 0.45 0.76 0.88 0.75 0.04 0.67 0.03 0.01 0.62 0.4 0.85 0.85 0.61 0.13 0.72 0.86 0.62 0.84 0.86 0.87 0.67 0.42 0.48 0.15 0.16 0.4 0.82 0.78 0.75 0.69 0.12 0.39 0.97 0.32 0.99 0.61 0.09 0.62 0.73 0.92 0.37 0.79
0.72 0.22 0.37 0.6 0.95 0.34 0.5 0.97 0.35 0.8 0.88 0.89 0.67 0.29 0.19 0.13 0.8 0.92 0.4 0.88 0.63 0.77 0.82 0.55 0.91 0.47 0.97 0.32 0.7 0.69 0.58 0.66 0.75 0.11 0.26 0.8 0.7 0.41 0.91 0.84 0.1 0.37 0.29 0.34 0.59 0.5 0.59 0.75 0.84 0.31 0.27 0.53 0.6 0.24 0.94 0.93 0.11 0.18 0.96 0.63 0.59 0.22 0.87 0.56 0.61 0.11 0.45 0.98 0.96 0.65 0.41 0.35 0.51 0.46 0.38 0.34 0.41 0.55 0.59 0.87 0.43 0.77 0.88 0.64 0.74 0.46 0.16 0.83 0.6 0.15 0.78 0.73 0.68 0.44 0.31 0.21 0.26 0.91 0.23 0.75
0.76 0.86 0.48 0.85 0.95 0.14 0.98 0.9 0.95 0.58 0.57 0.45 0.74 0.73 0.31 0.36 0.15 0.49 0.83 0.16 0.14 0.28 0.21 0.83 0.3 0.99 0.27 0.87 0.2 0.81 0.47 0.54 0.93 0.89 0.46 0.33 0.25 0.99 0.45 0.94 0.3 0.43 0.61 0.63 0.53 0.53 0.35 0.49 0.97 0.62 0.16 0.46 0.8 0.93 0.19 0.4 0.93 0.5 0.74 0.64 0.17 0.71 0.19 0.69 0.74 0.75 0.92 0.73 0.67 0.36 0.24 0.83 0.59 0.2 0.27 0.25 0.37 0.81 0.14 0.23 0.63 0.31 0.21 0.94 0.84 0.98 0.97 0.42 0.47 0.21 0.76 0.13 0.19 0.89 0.63 0.6 0.73 0.65 0.52 0.12
0.37 0.59 0.69 0.16 0.41 0.23 0.36 0.92 0.44 0.57 0.62 0.28 0.52 0.83 0.43 0.48 0.22 0.71 0.13 0.62 0.62 0.3 0.55 0.98 0.6 0.97 0.32 0.16 0.47 0.57 0.91 0.63 0.93 0.97 0.34 0.83 0.73 0.32 0.97 0.3 0.61 1.0 0.39 0.64 0.65 0.42 0.97 0.11 0.72 0.82 0.28 0.17 0.48 0.33 0.24 0.54 0.79 0.57 0.34 0.13 0.96 0.7 0.15 0.83 0.95 0.35 0.9 0.89 0.19 0.52 0.3 0.13 0.81 0.72 0.7 0.87 0.81 0.14 0.25 0.64 0.73 0.82 0.15 0.33 1.0 0.2 0.86 0.25 0.85 0.44 0.93 0.12 0.65 0.96 0.81 0.93 0.12 0.72 0.21 0.6
0.21 0.12 0.84 0.41 0.7 0.6 0.63 0.36 0.57 0.78 0.76 0.3 0.28 0.32 0.66 0.51 0.87 0.95 0.8 0.26 0.79 0.7 0.52 0.32 0.2 0.48 0.16 0.94 0.95 0.24 0.49 0.22 0.67 0.59 0.77 0.72 0.52 0.56 0.25 0.77 0.84 0.84 0.46 0.35 0.31 0.24 0.75 0.53 0.27 0.9 0.11 0.97 0.47 0.44 0.98 0.71 0.73 0.44 0.42 0.28 0.83 0.21 0.48 0.8 0.47 0.53 0.55 0.87 0.29 0.67 0.27 0.63 0.72 0.68 0.69 0.57 0.56 0.7 0.59 0.87 0.66 0.92 0.12 0.13 0.93 0.89 0.24 0.9 0.77 0.36 0.43 0.93 0.73 0.57 0.5 0.5 0.55 0.61 0.81 0.49
0.45 0.1 0.69 0.27 0.41 0.9 0.55 0.21 0.81 0.85 0.84 0.3 0.28 0.65 0.97 0.85 0.6 0.83 0.56 0.34 0.24 0.44 0.83 0.25 0.15 0.68 0.72 0.29 0.27 0.17 0.9 0.4 0.46 0.27 0.4 0.99 0.87 0.68 0.82 0.1 0.91 0.57 0.3 0.63 1.0 0.68 0.44 0.17 0.91 0.79 0.19 0.22 0.5 0.78 0.36 0.66 0.37 0.86 0.2 0.66 0.64 0.62 0.5 0.86 0.93 0.9 0.69 0.29 0.7 0.63 0.74 0.65 0.92 0.84 0.26 0.25 0.85 0.78 0.66 0.65 0.17 0.89 0.5 0.99 0.89 0.47 0.49 0.72 0.24 0.54 0.21 0.21 0.71 0.17 0.87 0.98 0.21 0.49 0.25 0.46
