100 10 2 3 2369
114.16 135.92 116.16 120.0 119.44 121.2 125.44 123.68 123.36 121.28
20 12 13 10 16 13 6 23 14 10 22 23 20 7 22 24 9 14 9 7 18 20 15 14 9 12 10 14 10 16 20 16 24 18 25 14 22 6 14 15 9 12 12 8 22 9 5 25 14 21 5 21 5 24 7 10 20 14 15 11 15 17 24 13 11 21 14 9 19 7 13 21 14 9 8 19 8 14 15 16 20 9 24 10 9 8 5 16 25 9 13 18 10 24 10 7 11 18 5 14
12 5 25 23 8 5 18 24 9 25 20 25 15 20 21 9 14 23 13 19 23 22 15 13 12 5 25 23 14 19 20 25 20 17 19 25 7 13 16 10 23 14 17 23 24 7 20 20 24 17 13 24 12 21 21 11 25 16 25 14 25 11 18 19 23 24 13 22 23 18 6 11 25 5 20 17 9 16 16 18 7 15 11 14 19 20 7 23 17 9 24 20 16 13 23 22 12 9 22 10
25 13 10 11 5 8 11 21 9 20 24 16 20 6 6 5 23 16 19 7 6 10 24 11 14 17 19 5 17 9 9 7 17 11 7 21 20 9 5 16 13 15 23 10 8 18 15 14 21 13 25 13 25 13 18 12 8 18 22 19 5 17 5 21 11 20 13 23 14 25 16 12 14 7 15 14 16 14 21 22 21 10 8 10 14 24 21 12 19 22 6 16 9 15 24 10 8 8 22 16
8 25 22 7 25 15 11 20 14 14 14 23 9 10 23 11 23 11 13 7 18 17 9 17 22 11 17 23 22 17 20 14 16 20 24 6 12 25 11 7 16 10 24 6 12 10 11 21 19 11 20 14 14 18 15 5 25 17 14 18 21 18 18 20 17 11 20 7 21 24 10 18 14 8 8 14 23 18 5 9 8 5 12 23 19 21 8 21 5 19 5 5 10 12 20 12 10 10 14 24
6 5 17 18 5 19 21 25 23 19 7 10 19 11 15 9 6 24 7 22 23 17 10 8 20 10 11 13 20 16 12 18 12 11 13 21 18 8 8 9 21 17 14 7 23 23 14 24 18 24 21 14 22 18 5 7 20 21 18 20 7 12 18 14 10 25 13 14 20 5 15 10 21 7 19 16 23 10 17 17 14 11 5 10 15 9 9 15 13 6 13 10 22 16 24 17 22 17 10 25
13 21 24 25 5 18 15 16 18 18 24 17 9 20 10 23 6 13 15 11 22 11 10 8 19 6 22 21 19 16 12 14 21 14 25 6 7 13 16 14 8 15 16 13 8 5 21 19 6 25 20 20 13 11 9 15 23 23 6 23 15 19 25 6 20 24 9 16 18 20 17 12 9 23 5 17 10 8 19 12 24 18 18 12 13 16 9 17 9 21 20 6 16 8 22 12 12 18 15 9
19 23 16 23 15 14 10 24 16 19 16 10 24 10 14 14 9 16 17 13 16 13 21 13 20 15 19 8 18 14 11 22 22 13 10 13 17 20 23 23 6 20 16 17 5 19 23 14 22 19 22 15 9 17 9 23 9 15 22 13 5 8 11 17 16 21 23 25 10 19 23 10 17 20 14 18 19 17 7 7 6 17 14 6 6 14 17 21 17 18 15 13 13 12 9 22 22 18 23 10
5 17 23 5 5 8 25 21 14 25 25 24 13 9 20 14 10 22 7 24 11 13 23 15 11 13 25 25 19 12 22 21 15 23 16 24 21 9 17 6 18 12 16 8 25 7 7 21 17 7 8 19 7 10 12 8 23 18 17 6 5 20 14 19 5 23 25 10 11 10 16 16 24 9 5 24 18 10 25 9 19 20 23 25 7 23 18 24 17 18 25 5 17 16 21 8 7 5 20 7
21 11 18 19 22 18 11 11 16 24 6 12 19 14 5 14 17 11 21 24 24 13 25 8 6 15 17 19 13 13 25 8 14 13 16 19 23 23 25 12 23 24 20 9 15 25 22 8 24 8 7 12 19 7 7 22 17 5 14 17 5 5 19 15 23 21 16 5 11 22 21 13 6 17 9 22 23 10 23 8 18 6 24 8 12 21 8 10 15 23 23 11 10 12 20 7 24 16 16 14
5 8 19 13 19 6 9 9 10 9 16 11 10 15 15 12 21 9 12 8 11 14 17 25 19 20 7 23 23 23 23 6 24 8 13 23 16 21 23 21 9 12 13 15 6 24 24 8 7 20 21 22 14 22 10 22 18 11 16 8 13 23 7 5 15 14 8 21 14 23 13 11 22 7 24 10 11 25 11 10 17 8 25 13 20 17 9 17 11 13 22 23 14 14 19 20 17 8 24 20
0.0 0.37 0.38 0.71 0.5 0.78 0.46 0.64 0.74 0.81
0.37 0.0 0.26 0.61 0.49 0.85 0.6 0.75 0.43 0.22
0.38 0.26 0.0 0.9 0.02 0.69 0.92 0.3 0.47 0.97
0.71 0.61 0.9 0.0 0.05 0.84 0.55 0.95 0.08 0.82
0.5 0.49 0.02 0.05 0.0 0.0 0.08 0.58 0.06 0.21
0.78 0.85 0.69 0.84 0.0 0.0 0.75 0.29 0.63 0.91
0.46 0.6 0.92 0.55 0.08 0.75 0.0 0.46 0.38 0.2
0.64 0.75 0.3 0.95 0.58 0.29 0.46 0.0 0.53 0.72
0.74 0.43 0.47 0.08 0.06 0.63 0.38 0.53 0.0 0.38
0.81 0.22 0.97 0.82 0.21 0.91 0.2 0.72 0.38 0.0
0.56 0.43 0.52 0.51 0.35 0.53 0.33 0.32 0.43 0.49
0.49 0.67
0.3 0.94
0.87 0.87
0.9 0.8
0.33 0.99
0.75 0.47
0.89 0.49
0.78 0.9
0.88 0.72
0.41 0.4
0.97 0.51 0.2 0.61 0.93 0.4 0.8 0.39 0.29 0.87 0.69 0.33 0.89 0.22 0.94 0.52 0.33 0.96 0.11 0.46 0.8 0.99 0.94 0.99 0.51 0.08 0.64 0.13 0.52 0.45 0.51 0.9 0.44 0.56 0.88 0.19 0.67 0.04 0.75 0.22 0.67 0.49 0.58 0.39 0.85 0.11 0.36 0.13 0.22 0.01 0.13 0.5 0.31 0.97 0.69 0.55 0.18 0.74 0.77 0.3 0.87 0.04 0.72 0.52 0.25 0.38 0.56 0.81 0.92 0.37 0.27 0.88 0.62 0.51 0.51 0.48 0.25 0.04 0.39 0.3 0.62 0.76 0.89 0.15 0.23 0.91 0.37 0.38 0.47 0.59 0.84 0.39 0.66 0.72 0.19 0.9 0.14 0.54 0.85 0.4
0.05 0.3 0.76 0.56 0.68 0.1 0.39 0.54 0.06 0.67 0.94 0.04 0.24 0.32 0.72 0.3 0.87 0.72 0.78 0.02 0.37 0.18 1.0 0.83 0.56 0.04 0.11 0.99 0.41 0.15 0.02 0.24 0.85 0.03 0.38 0.74 0.1 0.67 0.69 0.7 0.05 0.13 0.35 0.45 0.39 0.48 0.44 0.75 0.97 0.44 0.69 0.89 0.67 0.56 0.27 0.9 0.66 0.54 0.86 0.86 0.37 0.43 0.61 0.57 0.91 0.45 0.6 0.44 0.49 0.29 0.2 0.86 0.84 0.53 0.62 0.01 0.45 0.25 0.31 0.58 0.83 0.55 0.79 0.52 0.08 0.31 0.59 0.7 0.96 0.54 0.14 0.51 0.61 0.95 0.94 0.71 0.93 0.49 0.2 0.92
0.2 0.12 0.04 0.31 0.48 0.4 0.64 0.94 0.18 0.06 0.56 0.01 0.67 0.17 0.59 0.25 0.26 0.03 0.36 1.0 0.05 0.84 0.1 0.57 0.64 0.16 0.54 0.39 0.53 0.05 0.93 0.47 0.84 0.85 0.5 0.07 0.64 0.16 0.97 0.08 0.77 0.44 0.12 0.8 0.62 0.24 0.82 0.75 0.79 0.52 0.59 0.74 0.75 0.04 0.18 0.92 0.28 0.36 0.21 0.04 0.51 0.33 0.7 0.41 0.09 0.92 0.62 0.39 0.29 0.07 0.47 0.12 0.94 0.06 1.0 0.59 0.39 0.85 0.76 0.66 0.17 0.59 0.57 0.17 0.78 0.9 0.97 0.55 0.47 0.6 0.55 0.63 0.57 0.79 0.67 0.47 0.01 0.98 0.94 0.57
0.14 0.44 0.77 0.9 0.24 0.19 0.57 0.91 0.86 0.06 0.73 0.23 0.0 0.83 0.46 0.37 0.74 0.76 0.46 0.35 1.0 0.14 0.21 0.15 0.73 0.72 0.97 0.17 0.16 0.02 0.51 0.58 0.11 0.91 0.87 0.89 0.6 0.58 0.6 0.15 0.96 0.71 0.93 0.89 0.23 0.91 0.63 0.42 0.51 0.18 0.46 0.78 0.55 0.69 0.36 0.9 0.21 0.76 0.87 0.82 0.47 0.59 0.48 0.39 0.86 0.43 0.12 0.74 0.86 0.36 0.12 0.08 0.72 0.99 0.58 0.41 0.55 0.66 0.52 0.43 0.76 0.59 0.53 0.65 0.99 0.73 0.7 0.66 0.0 0.62 0.5 0.15 0.2 0.99 0.31 0.29 0.9 0.07 0.72 0.87
0.54 0.75 0.45 0.8 0.59 0.23 0.43 0.76 0.97 0.35 0.83 0.72 0.53 0.55 0.85 0.18 0.24 0.54 0.92 0.79 0.07 0.15 0.58 0.55 0.42 0.01 0.98 0.6 0.86 0.35 0.94 0.4 0.04 0.61 1.0 1.0 0.26 0.82 0.51 0.49 0.07 0.39 1.0 0.57 0.4 0.75 0.02 0.05 0.36 0.97 0.55 0.69 0.94 0.06 0.96 0.49 0.53 0.81 0.61 0.37 0.09 0.94 0.28 0.58 0.36 0.21 0.88 0.36 0.63 0.02 0.51 0.7 0.5 0.35 0.67 0.66 0.64 0.79 0.6 0.38 0.92 0.66 0.19 0.22 0.23 0.71 0.97 0.24 0.28 0.36 0.97 0.92 0.95 0.01 0.07 0.48 0.14 0.33 0.71 0.61
0.53 0.47 0.5 0.96 0.15 0.67 0.32 0.5 0.26 0.14 0.8 0.46 0.7 0.35 0.62 0.08 0.43 0.35 0.17 0.45 0.32 0.54 0.2 0.71 0.07 0.42 0.68 0.79 0.76 0.4 0.14 0.65 0.98 0.01 0.39 0.54 0.71 0.89 0.45 0.93 0.02 0.29 0.3 0.61 0.04 0.59 0.41 0.29 0.63 0.21 0.14 1.0 0.21 0.71 0.79 0.49 0.52 0.73 0.43 0.6 0.42 0.42 0.15 0.05 0.04 0.76 0.87 0.02 0.73 0.54 0.05 0.76 0.01 0.67 0.92 0.19 0.69 0.63 0.32 0.79 0.65 0.79 0.25 0.86 0.64 0.07 0.8 0.41 0.27 0.17 0.46 0.6 0.44 0.01 0.21 0.49 0.62 0.48 0.47 0.74
0.57 0.66 0.24 0.36 0.07 0.39 0.21 0.38 0.32 0.62 0.65 0.59 0.69 0.79 0.83 0.89 0.53 0.86 0.52 0.94 0.09 0.09 0.36 0.02 0.04 0.31 0.4 0.22 0.75 0.63 0.94 0.99 0.56 0.31 0.25 0.17 0.06 0.51 0.69 0.81 0.32 0.52 0.97 0.37 0.69 0.42 0.4 0.13 0.26 0.13 0.68 0.55 0.44 0.63 0.9 0.46 0.42 0.99 0.69 0.62 0.73 0.19 0.95 0.38 0.22 0.36 0.63 0.34 0.89 0.24 0.23 0.76 0.52 0.96 0.11 0.11 0.33 0.71 0.33 0.47 0.89 0.65 0.07 0.56 0.81 0.16 0.71 0.81 0.61 0.71 0.59 0.99 0.45 0.99 0.61 0.02 0.29 0.91 0.79 0.29
0.67 0.57 0.99 0.4 0.19 0.41 0.29 0.64 0.36 0.76 0.34 0.1 0.99 0.47 0.56 0.29 0.38 0.09 0.76 0.3 0.98 0.93 0.87 0.77 0.91 0.51 0.58 0.12 0.24 0.54 0.73 0.64 0.0 0.06 0.56 0.33 0.65 0.47 0.5 0.08 0.59 0.5 0.95 0.21 0.9 0.3 0.66 0.79 0.14 0.3 0.85 0.2 0.98 0.06 0.16 0.98 0.41 0.18 0.62 0.87 0.55 0.55 0.28 0.99 0.6 0.41 0.4 0.33 0.9 0.53 0.61 0.9 0.7 0.82 0.13 0.57 0.24 0.96 0.26 0.12 0.44 0.28 0.41 0.05 0.78 0.83 0.41 0.23 0.85 0.9 0.93 0.51 0.79 0.14 0.36 0.5 0.7 0.24 0.35 0.9
0.7 0.73 0.02 0.2 0.34 0.57 0.5 0.93 0.51 0.85 0.02 0.61 0.19 0.33 0.14 0.36 0.99 0.51 0.27 0.48 0.55 0.38 0.77 0.96 0.95 0.58 0.31 0.32 0.82 0.83 0.3 0.08 0.83 0.93 0.73 0.93 0.66 0.33 0.56 0.69 0.28 0.54 0.85 0.88 0.78 0.06 0.75 0.61 0.14 0.99 0.2 0.39 0.48 0.28 0.44 0.65 0.14 0.93 0.98 0.84 0.36 0.18 0.35 0.51 0.08 0.56 0.17 0.31 0.07 0.95 0.17 0.7 0.92 0.31 0.9 0.08 0.33 0.53 0.03 0.72 0.4 0.74 0.25 0.85 0.12 0.07 0.81 0.19 0.79 0.76 0.05 0.89 0.33 0.82 0.42 0.14 0.51 0.04 0.48 0.24
0.13 0.37 0.95 0.01 0.42 0.54 0.66 0.85 0.02 0.23 0.93 0.47 0.17 0.03 0.01 0.01 0.36 0.13 0.78 0.32 0.72 0.66 0.78 0.34 0.63 0.75 0.02 0.43 0.0 0.24 0.91 0.29 0.66 0.98 0.67 0.22 0.74 0.2 0.85 0.81 0.21 0.5 0.28 0.43 0.09 0.17 0.14 0.73 0.42 0.86 0.54 0.36 0.36 0.33 0.1 0.75 0.35 0.14 0.82 0.79 0.22 0.87 0.82 0.49 0.91 0.88 0.77 0.03 0.94 0.74 0.13 0.66 0.2 0.07 0.81 0.85 0.41 0.94 0.76 0.15 0.22 0.82 0.78 0.82 0.46 0.51 0.11 0.95 0.62 0.43 0.93 0.99 0.3 0.34 0.8 0.28 0.17 0.23 0.34 0.17
0.86 0.9 0.8 0.4 0.88 0.27 0.29 0.95 0.6 0.99 0.41 0.68 0.58 0.44 0.13 0.42 0.16 0.97 0.59 0.18 0.81 0.58 0.53 0.52 0.44 0.24 0.13 0.11 0.45 0.17 0.29 0.27 0.86 0.68 0.96 0.75 0.35 0.9 0.54 0.24 0.36 0.23 0.98 0.59 0.98 0.21 0.24 0.43 0.6 0.35 0.72 0.71 0.89 0.44 0.48 0.78 0.11 0.82 0.37 0.33 0.37 0.28 0.8 0.82 1.0 0.96 0.76 0.25 0.36 0.53 0.63 0.26 0.23 0.91 0.69 0.1 0.23 0.84 0.2 0.77 0.74 0.61 0.69 0.66 0.73 0.69 0.31 0.93 0.33 0.12 0.95 0.25 0.58 0.59 0.9 0.9 0.22 0.11 0.28 0.66
0.39 0.81 0.59 0.93 0.79 0.24 0.61 0.78 0.74 0.82 0.96 0.2 0.34 0.4 0.74 0.23 0.43 0.39 0.1 0.57 0.77 0.68 0.47 0.22 0.78 0.53 0.75 0.69 0.35 0.66 0.72 0.92 0.72 0.95 0.33 0.94 0.67 0.31 0.57 1.0 0.49 0.13 0.92 0.52 0.19 0.67 0.82 0.48 0.25 0.54 0.66 0.62 0.98 0.76 0.4 0.93 0.27 0.7 0.93 0.94 0.84 0.76 0.23 0.29 0.64 0.55 0.51 0.38 0.64 0.38 0.37 0.16 0.64 0.37 0.64 0.74 0.8 0.92 0.78 0.96 0.3 0.34 0.12 0.68 0.34 0.18 0.83 0.13 0.97 0.64 0.55 0.96 0.62 0.17 0.38 0.97 0.16 0.65 0.66 0.83
0.27 0.29 0.56 0.58 0.31 0.24 0.74 0.34 0.44 0.75 0.19 0.42 0.59 0.48 0.92 0.31 0.48 0.56 0.91 0.97 0.78 0.88 0.69 0.52 0.88 0.62 0.62 0.77 0.7 0.13 0.56 0.47 0.18 0.37 0.5 0.63 0.63 0.41 0.14 0.77 0.12 0.33 0.87 0.42 0.16 0.37 0.33 0.98 0.21 0.56 0.38 0.69 0.28 0.19 0.9 0.91 0.66 0.76 0.81 0.6 0.14 0.36 0.5 0.13 0.68 0.47 0.42 0.48 0.46 0.68 0.25 0.25 0.7 0.7 0.29 0.34 0.98 0.74 0.94 0.41 0.84 0.42 0.91 0.26 0.53 0.47 0.33 0.23 0.87 0.62 0.68 0.3 0.84 0.38 0.76 0.33 0.88 0.23 0.1 0.31
0.31 0.49 0.48 0.56 0.55 0.52 0.91 0.86 0.17 0.42 0.93 0.31 0.15 0.59 0.56 0.15 0.98 0.18 0.43 0.32 0.39 0.37 0.42 0.79 0.47 0.85 0.3 0.44 0.48 0.6 0.14 0.45 0.22 0.46 0.48 0.69 0.26 0.35 0.59 0.47 0.52 0.44 0.52 0.72 0.64 0.57 0.79 0.22 0.62 0.63 0.82 0.24 0.87 0.65 0.66 0.29 0.52 0.66 0.54 0.78 0.63 0.99 0.6 0.66 0.6 0.57 0.48 0.86 0.46 0.86 0.29 0.68 0.87 0.87 0.94 0.29 0.99 0.67 0.96 0.14 0.82 0.56 0.57 0.38 0.23 0.2 0.92 0.55 0.97 0.24 0.49 0.69 0.98 0.21 0.49 0.48 0.79 0.64 0.59 0.6
0.95 0.42 0.97 0.17 0.53 0.5 0.46 0.19 0.77 0.58 0.4 0.22 0.67 0.79 0.38 0.75 0.45 0.42 0.78 0.7 0.49 0.61 0.52 0.25 0.22 0.85 0.15 0.69 0.35 0.33 0.57 0.32 0.71 0.76 0.94 0.62 0.39 0.67 0.23 0.14 0.88 0.7 0.28 0.91 0.7 0.16 0.61 0.97 0.66 0.12 0.92 0.43 0.9 0.95 0.99 0.89 0.78 0.46 0.61 0.16 0.8 0.56 0.18 0.83 0.65 0.72 0.47 0.76 0.25 0.24 0.25 0.97 0.34 0.66 0.58 0.41 0.14 0.27 0.38 0.42 0.51 0.75 0.34 0.71 0.83 0.93 0.28 0.18 0.33 0.84 0.52 0.55 0.21 0.67 0.84 0.5 0.96 0.14 0.45 0.81
0.82 0.86 0.21 0.64 0.27 0.43 0.14 0.61 0.67 0.61 0.99 0.84 0.25 0.85 0.78 0.74 0.69 0.77 0.72 0.37 0.14 0.55 0.26 0.75 0.58 0.84 0.55 0.81 0.62 0.44 0.91 0.62 0.71 0.63 0.45 0.43 0.48 0.67 0.99 0.64 0.36 0.99 0.18 0.13 0.33 0.87 0.25 0.83 0.43 0.41 0.94 0.55 0.59 0.48 0.74 0.87 0.31 0.97 0.25 0.93 0.95 1.0 0.11 0.28 0.29 0.11 0.91 0.51 0.3 0.55 0.18 0.14 0.76 0.53 0.82 0.45 0.29 0.16 0.44 0.3 0.52 0.52 0.13 0.56 0.2 0.69 0.11 0.79 0.97 0.58 0.93 0.31 0.41 0.33 0.53 0.52 0.36 0.59 0.4 0.7
0.6 0.76 0.77 0.81 0.85 0.82 0.54 0.54 0.19 0.96 0.17 0.84 0.48 0.13 0.97 0.25 1.0 0.13 0.29 0.91 0.67 0.41 0.14 0.57 0.76 0.58 0.6 0.21 0.63 0.5 0.15 0.81 0.33 0.12 0.65 0.74 0.39 0.5 0.98 0.9 0.76 0.57 0.5 0.14 0.46 0.49 0.14 0.5 0.88 0.67 0.35 0.7 0.25 0.71 0.39 0.82 0.22 0.56 0.42 0.26 0.89 0.44 0.46 0.17 0.99 0.89 0.17 0.66 0.49 0.54 0.85 0.25 0.27 0.64 0.69 0.68 0.2 0.45 0.31 0.78 0.31 0.17 0.75 0.46 0.66 0.87 0.19 0.47 0.41 0.46 0.98 0.53 0.15 0.87 0.41 0.7 0.47 0.45 0.87 0.9
0.79 0.28 0.13 0.41 0.32 0.58 0.81 0.7 0.43 0.29 0.79 0.32 0.45 0.6 0.16 0.44 0.72 0.99 0.93 0.85 0.88 0.47 0.67 0.87 0.41 0.26 0.86 0.4 0.53 0.81 0.88 0.36 0.65 0.49 0.52 0.31 0.5 0.69 0.11 0.49 0.18 0.82 0.19 0.2 0.11 0.65 0.2 0.11 0.41 0.46 0.46 0.48 0.31 0.39 0.91 0.35 0.61 0.76 0.36 0.73 0.24 0.12 0.34 0.87 0.79 0.62 0.12 1.0 0.46 0.69 0.44 0.54 0.19 0.61 0.23 0.3 0.4 0.32 0.75 0.17 0.79 0.51 0.85 0.71 0.41 0.6 0.22 0.23 0.9 0.45 0.67 1.0 0.32 0.34 0.8 0.26 0.23 0.42 0.31 0.97
0.23 0.56 0.27 0.48 0.99 0.1 0.82 0.27 0.56 0.16 0.9 0.26 0.14 0.36 0.29 0.17 0.79 0.38 0.52 0.56 0.2 0.29 0.19 0.98 0.49 0.29 0.43 0.53 0.42 0.73 0.99 0.34 0.54 0.96 0.2 0.38 0.56 0.9 0.31 0.99 0.19 0.98 0.64 0.29 0.38 0.64 0.45 0.55 0.66 0.51 0.12 0.42 0.18 0.85 0.72 0.19 0.81 0.55 0.13 0.72 0.14 0.18 0.67 1.0 0.29 0.56 0.65 0.49 0.12 0.16 0.29 0.74 0.74 0.4 0.26 0.64 0.92 0.27 0.58 0.3 0.32 0.21 0.97 0.56 0.62 0.78 0.76 0.54 0.19 0.66 0.54 0.74 0.12 0.39 0.13 0.28 0.77 0.88 0.89 0.52
0.88 0.46 0.52 0.49 0.2 0.87 0.87 1.0 0.1 0.45 0.35 0.62 0.22 0.27 0.73 0.66 0.4 0.92 0.82 0.77 0.33 0.31 0.36 0.12 0.17 0.66 0.49 0.51 0.51 0.98 0.41 0.53 0.21 0.83 0.78 0.14 0.19 0.64 0.79 0.81 0.9 0.22 0.79 0.58 0.21 0.53 0.39 0.59 0.98 0.2 0.93 0.39 0.61 0.24 0.66 0.68 0.23 0.66 0.11 0.48 0.53 0.53 0.8 0.14 0.66 0.34 0.26 0.6 0.94 0.12 0.15 0.25 0.64 0.24 0.47 0.9 0.59 0.58 0.11 0.26 0.93 0.52 0.44 0.97 0.14 0.4 0.8 0.64 0.5 0.46 0.82 0.1 0.49 0.52 0.33 0.51 0.21 0.69 0.41 0.95
