100 20 2 3 2439
60.28 56.4 58.76 59.28 61.16 55.2 57.92 63.24 59.76 60.96 61.84 60.12 62.16 62.24 59.4 60.16 56.28 64.0 58.08 62.0
9 22 24 18 9 13 11 24 5 16 12 24 19 21 23 11 10 21 24 16 19 23 10 8 7 6 7 15 9 16 25 18 6 15 7 12 5 11 16 24 14 11 17 11 18 10 14 20 18 22 5 21 19 18 9 10 22 15 6 22 11 12 7 16 25 6 16 7 24 8 18 23 9 8 18 19 19 21 21 21 23 9 14 21 22 5 6 12 25 12 15 10 18 21 14 25 20 12 6 15
11 8 12 8 13 6 12 15 6 5 5 13 20 6 22 10 21 11 19 18 17 19 10 18 5 16 25 17 24 19 18 7 22 6 21 21 16 7 11 10 13 10 21 12 21 8 12 13 9 6 13 11 17 9 25 8 25 11 7 17 18 5 16 21 22 15 21 21 22 20 12 18 7 15 21 20 13 11 6 8 13 17 13 8 17 13 18 20 7 6 20 20 6 24 18 18 6 19 6 11
10 24 15 10 13 25 23 22 11 14 8 7 24 8 18 8 17 6 7 16 25 19 17 9 16 12 19 19 8 7 18 10 11 21 21 20 10 5 22 18 13 20 21 8 20 17 8 14 25 20 17 14 6 14 17 14 7 8 13 17 7 5 8 25 21 11 18 25 6 19 21 16 12 23 10 24 9 12 17 19 20 17 24 20 8 12 5 10 8 19 6 18 16 18 16 12 11 13 6 16
7 17 6 14 22 22 13 20 17 18 14 10 8 20 9 5 18 5 12 23 10 6 7 24 14 8 13 6 16 13 12 19 8 18 7 13 18 17 24 10 22 10 11 8 9 15 13 14 6 25 23 16 10 22 17 9 20 19 9 17 10 16 17 11 16 24 11 11 6 10 12 10 5 18 21 21 24 7 21 17 22 23 22 9 14 14 23 20 14 22 24 23 16 15 10 20 19 18 17 11
25 6 20 10 16 10 7 23 12 18 14 15 24 18 25 6 13 16 22 24 21 18 22 13 13 16 6 17 21 11 20 8 9 17 7 19 10 19 9 12 7 5 13 25 23 21 9 6 9 24 11 12 9 25 14 14 18 12 22 14 11 9 15 25 6 18 7 25 9 16 15 8 13 25 16 6 8 11 13 23 15 12 25 10 21 6 20 21 24 9 14 13 19 13 11 24 21 24 18 25
13 8 24 15 24 11 17 12 5 13 7 12 6 7 19 13 21 19 11 10 14 5 10 9 16 9 20 25 25 24 25 17 9 21 17 6 20 22 7 11 10 6 10 21 18 5 11 6 6 23 12 19 22 20 18 18 19 6 10 10 20 14 11 22 9 25 14 14 14 5 16 19 8 24 10 5 12 20 7 19 15 10 5 17 5 5 13 15 6 17 18 18 5 13 5 24 6 8 16 22
8 24 20 12 23 14 21 14 22 8 8 25 13 19 22 7 19 12 12 5 17 5 10 5 8 23 24 15 16 20 13 22 16 7 22 14 12 12 12 25 19 23 21 13 20 15 13 24 9 12 13 11 14 11 7 6 12 19 19 22 11 11 6 16 5 11 16 23 11 20 15 16 14 14 25 11 11 12 9 21 7 16 6 20 7 22 22 7 22 24 16 23 8 11 6 7 12 5 10 10
8 5 19 23 14 8 13 17 15 15 17 18 17 11 11 19 18 22 24 10 15 19 14 24 14 21 14 25 10 19 22 11 24 21 15 10 8 15 8 22 14 25 10 11 17 5 14 22 19 25 21 17 18 13 16 5 18 14 17 22 12 19 22 16 14 14 22 19 11 22 20 18 20 15 8 12 17 9 5 7 5 24 10 20 8 15 19 22 18 21 25 20 23 6 5 23 15 22 8 12
21 13 18 21 13 9 8 21 20 5 13 15 7 23 5 8 23 21 22 5 20 8 9 23 8 17 17 9 17 16 13 8 11 17 15 18 25 5 11 22 22 20 23 25 8 14 6 19 9 13 15 19 16 10 14 5 16 10 17 5 14 12 17 11 22 12 14 5 10 19 15 16 23 12 20 18 11 17 21 19 24 11 17 25 16 8 8 17 15 8 6 24 12 11 20 23 18 13 23 21
17 20 23 13 8 21 14 5 12 7 19 17 24 23 5 18 22 6 17 13 6 24 21 16 18 22 6 10 11 21 23 16 9 22 11 24 8 21 13 16 21 24 19 9 9 6 22 22 19 7 10 6 17 19 9 24 17 16 22 11 11 11 13 23 20 8 17 12 25 12 13 9 9 5 21 18 17 13 16 18 18 21 13 11 24 6 21 25 11 25 5 9 18 7 24 5 15 17 5 22
23 6 15 18 12 22 23 18 10 17 25 16 16 8 14 24 7 17 5 15 13 21 20 22 12 9 20 7 25 21 7 23 16 14 23 25 9 19 10 16 5 5 21 10 16 14 21 25 6 21 7 9 20 16 18 9 22 12 19 13 24 13 12 20 19 12 14 22 21 7 20 16 11 23 7 13 5 17 25 6 13 21 15 22 11 23 22 20 7 6 7 6 13 13 19 12 24 7 21 25
24 24 21 15 13 21 23 14 17 18 17 13 8 5 10 18 25 25 17 21 24 13 9 6 20 9 19 10 16 8 7 22 5 6 18 25 6 15 13 10 7 9 8 8 18 11 12 9 7 7 17 18 7 15 12 21 5 24 19 17 23 25 23 8 21 10 20 9 10 10 5 11 8 8 17 5 25 25 10 22 11 19 19 18 18 18 25 12 25 11 22 7 14 20 8 25 8 24 24 19
25 13 15 6 25 19 25 19 12 21 20 9 22 6 13 17 23 22 20 18 6 7 22 7 5 11 21 6 20 8 10 16 19 23 25 16 24 12 15 5 24 17 24 22 18 10 7 11 17 8 19 11 20 22 14 5 25 13 22 12 25 8 24 8 15 24 22 14 6 12 16 5 7 8 11 7 11 10 21 19 20 21 18 24 23 18 5 8 17 25 6 11 20 24 9 5 24 19 25 10
12 6 7 13 16 19 6 14 9 18 22 5 23 14 16 7 23 9 14 19 22 13 22 8 23 23 10 22 17 9 5 12 22 18 17 20 7 13 18 22 24 23 7 22 8 21 16 12 9 14 7 17 15 19 13 17 12 21 15 12 5 17 11 6 16 12 17 17 25 20 16 17 8 22 19 5 14 5 21 16 24 18 24 8 22 7 23 23 20 20 24 9 20 10 15 17 19 24 19 22
14 18 23 24 10 21 12 14 24 5 17 7 18 18 10 22 10 23 16 21 8 22 20 10 22 7 19 18 6 5 22 7 25 12 16 18 13 25 11 12 8 16 13 22 15 22 7 23 11 20 17 8 24 13 10 12 8 15 10 5 8 7 12 8 13 7 5 21 17 7 11 10 18 23 23 12 16 9 8 5 7 25 16 19 25 19 10 15 23 25 17 23 11 10 9 19 20 5 25 18
24 21 21 24 13 13 17 10 19 21 10 23 8 16 17 11 14 22 24 13 7 5 25 16 15 14 22 13 10 8 20 18 25 14 20 7 22 22 22 11 17 18 23 19 22 10 23 21 25 5 10 20 20 9 5 8 14 7 20 5 7 18 24 8 5 23 11 13 10 5 13 23 6 13 10 22 19 20 18 15 5 19 15 10 14 24 8 15 24 12 12 11 17 5 8 18 16 5 5 20
16 18 18 15 11 24 16 20 9 13 20 20 19 14 7 15 5 11 12 17 9 6 20 6 7 5 8 19 15 17 9 17 19 22 9 23 6 7 5 24 11 9 17 8 17 22 24 20 16 17 8 20 14 10 5 25 9 6 23 7 20 12 6 6 6 24 17 16 14 9 25 11 19 12 22 14 14 25 8 22 22 12 10 15 21 9 22 7 15 6 25 7 6 6 25 13 9 6 15 13
9 25 9 24 21 8 17 20 8 5 24 10 13 15 12 9 22 20 13 5 12 17 13 23 20 23 8 15 10 24 11 15 12 16 21 17 19 11 13 23 17 25 18 13 13 25 15 5 21 18 5 7 10 23 19 18 5 9 12 19 22 7 23 5 9 22 11 23 14 20 19 15 23 18 20 21 19 22 9 25 19 11 11 19 6 23 20 13 19 22 16 23 23 24 21 6 19 22 14 13
19 8 14 23 24 17 14 12 9 10 17 20 13 11 25 12 21 6 5 7 13 9 20 5 14 13 15 11 11 22 17 20 7 10 9 5 9 19 10 12 12 11 24 17 6 17 14 24 17 16 21 7 11 11 10 24 24 7 20 20 12 11 18 14 16 16 20 23 12 12 18 5 19 8 23 11 13 19 14 9 23 25 12 12 8 10 5 7 16 5 8 18 24 23 18 16 17 22 18 21
14 7 15 25 16 22 22 11 6 6 25 5 12 5 17 14 21 15 18 9 24 8 20 14 21 5 16 24 13 14 15 18 21 23 21 8 14 12 24 15 14 25 20 19 16 22 21 21 9 14 13 15 13 24 18 11 9 17 23 18 24 18 21 14 25 8 17 13 24 6 13 16 19 12 5 12 7 13 8 16 17 9 15 13 15 22 21 12 5 19 7 17 22 25 7 9 23 11 22 11
0.0 0.51 0.1 0.49 0.26 0.33 0.91 0.22 0.42 0.33 0.45 0.22 0.64 0.04 0.94 0.84 0.6 0.16 0.28 0.66
0.51 0.0 0.67 0.87 0.28 0.35 0.83 0.87 0.46 0.59 0.65 0.06 0.93 0.35 0.53 0.33 0.34 0.84 0.28 0.97
0.1 0.67 0.0 0.94 0.57 0.07 0.17 0.38 0.52 0.52 0.2 0.61 0.06 0.98 0.59 0.1 0.25 0.94 0.66 0.58
0.49 0.87 0.94 0.0 0.25 0.89 0.93 0.1 0.69 0.79 0.3 0.8 0.8 0.64 0.16 0.01 0.26 0.49 0.35 0.97
0.26 0.28 0.57 0.25 0.0 0.07 0.8 0.72 0.85 0.42 0.37 0.29 0.35 0.22 0.88 0.0 0.27 0.93 0.33 0.16
0.33 0.35 0.07 0.89 0.07 0.0 0.75 0.3 0.91 0.55 0.7 0.32 0.38 0.14 0.05 0.99 0.55 0.19 0.85 0.28
0.91 0.83 0.17 0.93 0.8 0.75 0.0 0.93 0.42 0.76 0.39 0.97 0.21 0.36 0.56 0.23 0.38 0.29 0.85 0.97
0.22 0.87 0.38 0.1 0.72 0.3 0.93 0.0 0.96 0.14 0.35 0.07 0.83 0.29 0.87 0.09 0.89 0.86 0.98 0.47
0.42 0.46 0.52 0.69 0.85 0.91 0.42 0.96 0.0 0.18 0.46 0.7 0.86 0.07 0.62 0.09 0.75 0.63 0.49 0.92
0.33 0.59 0.52 0.79 0.42 0.55 0.76 0.14 0.18 0.0 0.24 0.88 0.97 0.85 0.07 0.97 0.87 0.52 0.97 0.29
0.45 0.65 0.2 0.3 0.37 0.7 0.39 0.35 0.46 0.24 0.0 0.44 0.34 0.32 0.96 0.89 0.29 0.84 0.02 0.24
0.22 0.06 0.61 0.8 0.29 0.32 0.97 0.07 0.7 0.88 0.44 0.0 0.13 0.49 0.47 0.59 0.37 0.96 0.79 0.37
0.64 0.93 0.06 0.8 0.35 0.38 0.21 0.83 0.86 0.97 0.34 0.13 0.0 0.86 0.49 0.93 0.79 0.15 0.89 0.08
0.04 0.35 0.98 0.64 0.22 0.14 0.36 0.29 0.07 0.85 0.32 0.49 0.86 0.0 0.0 0.41 0.82 0.98 0.5 0.41
0.94 0.53 0.59 0.16 0.88 0.05 0.56 0.87 0.62 0.07 0.96 0.47 0.49 0.0 0.0 0.89 0.37 0.93 0.25 0.83
0.84 0.33 0.1 0.01 0.0 0.99 0.23 0.09 0.09 0.97 0.89 0.59 0.93 0.41 0.89 0.0 0.75 0.38 0.29 0.34
0.6 0.34 0.25 0.26 0.27 0.55 0.38 0.89 0.75 0.87 0.29 0.37 0.79 0.82 0.37 0.75 0.0 0.89 0.12 0.52
0.16 0.84 0.94 0.49 0.93 0.19 0.29 0.86 0.63 0.52 0.84 0.96 0.15 0.98 0.93 0.38 0.89 0.0 0.71 0.02
0.28 0.28 0.66 0.35 0.33 0.85 0.85 0.98 0.49 0.97 0.02 0.79 0.89 0.5 0.25 0.29 0.12 0.71 0.0 0.58
0.66 0.97 0.58 0.97 0.16 0.28 0.97 0.47 0.92 0.29 0.24 0.37 0.08 0.41 0.83 0.34 0.52 0.02 0.58 0.0
0.36 0.53 0.37 0.31 0.33 0.41 0.53 0.36 0.47 0.32 0.59 0.51 0.55 0.33 0.37 0.45 0.34 0.41 0.49 0.55
0.95 0.61
0.72 0.48
0.6 0.24
0.46 0.64
0.3 0.54
0.54 0.15
0.29 0.63
0.24 0.36
0.9 0.52
0.97 0.52
0.55 0.48
0.52 0.54
0.37 0.37
0.61 0.61
0.36 0.54
0.2 0.54
0.81 0.57
0.62 0.51
0.21 0.54
0.96 0.53
0.38 0.89 0.8 0.58 0.96 0.99 0.52 0.02 0.66 0.52 0.81 0.18 0.06 0.43 0.15 0.2 0.58 0.41 0.68 0.09 0.42 0.65 0.03 0.72 0.74 0.96 0.68 0.65 0.13 0.0 0.74 0.59 0.63 0.36 0.23 0.93 0.48 0.32 0.37 0.87 0.34 0.14 0.46 0.78 0.87 0.28 0.6 0.75 0.74 0.31 0.96 0.7 0.72 0.46 0.7 0.18 0.75 0.73 0.9 0.42 0.9 0.74 0.05 0.46 0.87 0.09 0.94 0.07 0.74 0.38 0.3 0.3 0.12 0.25 0.41 0.71 0.93 0.14 0.01 0.61 0.4 0.91 0.52 0.52 0.72 0.86 0.07 0.16 0.97 0.74 0.83 0.88 0.96 0.96 0.26 0.35 0.89 0.54 0.85 0.64
0.26 0.71 0.65 0.56 0.04 0.25 0.38 0.89 0.43 0.74 0.66 0.68 0.16 0.83 0.34 0.25 0.01 0.7 0.6 0.54 0.45 0.85 0.93 0.69 0.75 0.65 0.89 0.01 0.5 0.89 0.09 0.18 0.91 0.79 0.48 0.78 0.72 0.71 0.64 0.64 0.32 0.49 0.57 0.71 0.0 0.85 0.24 0.53 0.34 0.22 0.49 0.9 0.99 0.25 0.96 0.72 0.14 0.47 0.38 0.64 0.82 0.58 0.31 0.87 0.24 0.32 0.91 0.5 0.66 0.83 0.92 0.49 0.3 0.23 0.18 0.26 0.56 0.25 0.65 0.28 0.1 0.09 0.38 0.69 0.77 0.49 0.94 0.64 0.49 0.25 0.86 0.9 0.51 0.45 0.52 0.4 0.95 0.2 0.2 0.13
0.35 0.16 0.68 0.36 0.26 0.72 0.92 0.45 0.11 0.62 0.65 0.78 0.83 0.67 0.72 0.54 0.74 0.92 0.65 0.08 0.72 0.05 0.01 0.48 0.8 0.33 0.86 0.96 0.26 0.58 0.06 0.93 0.97 0.57 1.0 0.51 0.02 0.53 0.76 0.25 0.42 0.22 0.28 0.09 0.69 0.71 0.24 0.38 0.84 0.2 0.51 0.21 0.52 0.48 0.39 0.18 0.22 0.37 0.5 0.46 0.93 0.74 0.8 0.96 0.27 0.17 0.25 0.3 0.52 0.97 0.32 0.96 0.26 0.69 0.78 0.8 0.82 0.01 0.58 0.7 0.32 0.4 0.64 0.01 0.8 0.27 0.79 0.78 0.54 0.14 0.34 0.38 0.15 0.42 0.48 0.43 0.29 0.98 0.5 0.82
0.09 0.9 0.27 0.33 0.36 0.75 0.15 0.83 0.36 0.89 0.58 0.28 0.23 0.64 0.55 0.99 0.87 0.91 0.17 0.5 0.96 0.72 0.91 0.48 0.2 0.13 0.24 0.04 0.34 0.78 0.21 0.42 0.95 0.66 0.3 0.42 0.85 0.03 0.3 0.78 0.47 0.62 0.59 0.14 0.71 0.11 0.38 1.0 0.24 0.57 0.13 0.58 0.68 0.67 0.39 0.06 0.12 0.61 0.96 0.61 0.12 0.67 0.84 0.68 0.85 0.44 0.95 0.72 0.98 0.61 0.12 0.81 0.17 0.25 0.54 0.99 0.97 0.89 0.08 0.32 0.09 0.02 0.2 0.11 0.01 0.59 0.91 0.56 0.87 0.15 0.21 0.18 0.25 0.09 0.49 0.2 0.3 0.62 1.0 0.06
0.16 0.97 0.6 0.35 0.14 0.95 0.99 0.59 0.9 0.27 0.12 0.32 0.6 0.32 0.66 0.49 0.72 0.85 0.74 0.61 0.61 0.48 0.23 0.67 0.94 0.23 0.84 0.77 0.55 0.87 0.13 0.57 0.82 0.91 0.97 0.13 0.6 0.75 0.29 0.29 0.62 0.53 0.94 0.55 0.02 0.91 0.35 0.44 0.01 0.22 0.8 0.57 0.81 0.51 0.98 0.8 0.36 0.75 0.33 0.09 0.38 0.4 0.87 0.49 0.19 0.52 0.25 0.81 0.31 0.87 0.9 0.61 0.56 0.72 0.57 0.93 0.73 0.09 0.34 0.17 0.28 0.64 0.77 0.21 0.16 0.38 0.32 0.68 0.26 0.35 0.22 0.93 0.82 0.92 0.51 0.54 0.02 0.99 0.12 0.45
0.96 0.2 0.84 0.33 0.81 0.8 0.33 0.65 0.48 0.39 0.22 0.99 0.63 0.08 0.52 0.77 0.93 0.82 0.92 0.11 0.14 0.64 0.73 0.12 0.14 0.16 0.69 0.69 0.24 0.73 0.13 0.04 0.76 0.05 0.55 0.66 0.95 0.89 0.47 0.53 0.52 0.64 0.09 0.17 0.15 0.56 0.94 0.06 0.47 0.57 0.96 0.23 0.08 0.85 0.22 0.27 0.89 0.24 0.74 0.75 0.63 0.3 0.1 0.81 0.13 0.33 0.44 0.2 0.81 0.01 0.54 0.21 0.03 0.35 0.37 0.69 0.91 0.22 0.04 0.66 0.96 0.37 0.73 0.51 0.87 0.08 0.16 0.49 0.35 0.74 0.67 0.0 0.44 0.91 0.76 0.52 0.33 0.7 0.16 0.6
0.02 0.54 0.9 0.71 0.34 0.84 0.36 0.63 0.42 0.99 0.34 0.57 0.67 0.29 0.14 0.93 0.39 0.37 0.56 0.04 0.26 0.81 0.88 0.1 0.63 0.2 0.76 0.07 0.07 0.19 0.53 0.88 0.06 0.15 0.68 0.49 0.43 0.22 0.23 0.32 0.67 0.98 0.99 0.42 0.6 0.57 0.16 0.39 0.09 0.43 0.45 0.39 0.04 0.19 0.63 0.46 0.42 0.67 0.14 0.07 0.77 0.34 0.73 0.12 0.59 0.27 0.52 0.28 0.27 0.05 0.58 0.2 0.06 0.09 0.26 0.62 0.7 0.64 0.41 0.71 0.06 0.1 0.2 0.22 1.0 0.02 0.73 0.64 0.39 0.52 0.35 0.2 0.83 0.72 0.2 0.44 0.45 0.29 0.58 0.17
0.05 0.67 0.79 0.82 0.69 0.75 0.65 0.13 0.91 0.69 0.09 0.59 1.0 0.27 0.3 0.94 0.4 0.94 0.39 0.64 0.48 0.0 0.63 0.83 0.19 0.89 0.52 0.65 0.11 0.21 0.23 0.66 0.35 0.37 0.11 0.98 0.91 0.52 0.55 0.97 0.47 0.26 0.05 0.65 0.99 0.54 0.24 0.85 0.15 0.38 0.42 0.92 0.82 0.01 0.52 0.14 0.51 0.68 0.29 0.18 0.08 0.77 0.49 0.57 0.93 0.45 0.79 0.1 0.28 0.35 0.53 0.18 0.71 0.96 0.03 0.83 0.58 0.14 0.99 0.69 0.4 0.78 0.06 0.3 0.91 0.28 0.48 0.9 0.12 0.81 0.31 0.2 0.48 0.42 0.85 0.28 0.82 0.71 0.74 0.2
0.49 0.14 0.61 0.92 0.31 0.62 0.47 0.8 0.65 0.34 0.6 0.16 0.12 0.92 0.34 0.04 0.4 0.72 0.09 0.03 0.94 0.73 0.64 0.69 0.67 0.15 0.53 0.22 0.27 0.05 0.65 0.52 0.17 0.88 0.88 0.99 0.2 0.59 0.83 0.75 0.44 0.6 0.93 0.42 0.73 0.94 0.46 0.31 0.56 0.32 0.15 0.1 0.61 0.71 0.3 0.9 0.97 0.14 0.7 0.1 0.03 0.84 0.29 0.7 0.06 0.39 0.86 0.03 0.71 0.52 0.33 0.05 0.89 0.11 0.52 0.84 0.47 0.28 0.71 0.18 0.45 0.06 0.3 0.51 0.3 0.1 0.64 0.33 0.04 0.69 0.31 0.28 0.96 0.66 0.5 0.39 0.54 0.59 0.53 0.6
0.38 0.84 0.43 0.27 0.08 0.99 1.0 0.59 0.22 0.48 0.1 0.7 0.92 0.97 0.23 0.32 0.37 0.76 0.65 0.57 0.07 0.44 0.24 0.64 0.44 0.54 0.86 0.62 0.46 0.72 0.58 0.62 0.83 0.8 0.07 0.36 0.05 0.54 0.21 0.48 0.35 0.66 0.73 0.91 0.74 0.77 0.78 0.8 0.37 0.89 0.93 0.81 0.07 0.89 0.81 0.96 0.53 0.56 0.83 0.16 0.04 0.28 0.22 0.92 0.77 0.91 0.87 0.49 0.5 0.12 0.1 0.83 0.94 0.22 0.16 0.84 0.98 0.09 0.34 0.88 0.06 0.97 0.75 0.89 0.94 0.89 0.27 0.54 0.25 0.87 0.71 0.85 0.37 0.29 0.46 0.2 0.17 0.53 0.87 0.24
0.88 0.79 0.62 0.28 0.67 0.09 0.11 0.55 0.77 0.58 0.15 0.79 0.73 0.37 0.14 0.74 0.77 0.87 0.59 0.48 0.1 0.85 0.2 0.67 0.5 0.62 0.82 0.24 0.38 0.06 0.19 0.74 0.3 0.17 0.04 0.43 0.38 0.46 0.69 0.53 0.9 0.23 0.74 0.02 0.68 0.43 0.77 0.2 0.97 0.57 0.83 0.12 0.68 0.13 0.38 0.31 0.37 0.34 0.86 0.47 0.53 0.18 0.73 0.36 0.5 0.33 0.64 0.35 0.35 0.25 0.19 0.63 0.32 0.11 0.78 0.28 0.37 0.06 0.9 0.28 0.3 0.67 0.24 0.89 0.19 0.42 0.3 0.62 0.16 0.81 0.59 0.92 0.63 0.05 0.41 0.57 0.07 0.98 0.14 0.65
0.73 0.32 0.67 0.46 0.61 0.64 0.73 0.6 0.92 0.93 0.51 0.88 0.93 0.19 0.35 0.75 0.99 0.54 0.18 0.62 0.98 0.94 0.36 0.2 0.3 0.21 0.85 0.54 0.98 0.66 0.73 0.56 0.22 0.43 0.59 0.86 0.98 0.93 0.26 0.87 0.03 0.88 0.12 0.74 0.32 0.65 0.2 0.43 0.36 0.67 0.68 0.59 0.57 0.33 0.46 0.47 0.93 0.18 0.0 0.23 0.15 0.2 0.46 0.72 0.25 0.39 0.07 0.22 0.96 0.23 0.39 0.85 0.92 0.94 0.82 0.28 0.32 0.49 0.47 0.94 0.3 0.46 0.78 0.55 0.74 0.76 0.71 0.88 0.91 0.46 0.92 0.58 0.21 0.28 0.11 0.23 0.75 0.3 0.66 0.77
0.4 0.13 0.03 0.29 0.1 0.28 0.36 0.9 0.82 0.72 0.27 0.9 0.44 0.65 0.33 0.09 0.64 0.72 0.02 0.8 0.99 0.85 0.71 0.51 0.23 0.84 0.98 0.79 0.43 0.25 0.59 0.44 0.07 0.04 0.9 0.72 0.61 0.53 0.11 0.13 0.34 0.39 0.71 0.72 0.19 0.1 0.53 0.7 0.67 0.6 0.38 0.18 0.76 0.46 0.68 0.01 0.83 0.26 0.34 0.72 0.8 0.6 0.43 0.43 0.31 0.86 0.34 0.37 0.6 0.31 0.82 0.49 0.69 0.47 0.05 0.39 0.45 0.86 0.85 0.73 0.57 0.5 0.09 0.36 0.1 0.33 0.31 0.72 0.72 0.07 0.14 0.74 0.06 0.16 0.94 0.35 0.97 0.73 0.56 0.96
0.71 0.93 0.76 0.91 0.2 0.96 0.97 0.2 0.43 0.12 0.18 0.04 0.33 0.7 0.32 0.99 0.59 0.03 0.92 0.78 0.49 0.01 0.62 0.62 0.22 0.75 0.8 0.75 0.91 0.88 0.58 0.53 0.98 0.33 0.83 0.87 0.42 0.59 0.43 0.37 0.12 0.88 0.83 0.44 0.76 0.61 0.29 0.84 0.63 0.2 0.04 0.84 0.21 0.99 0.57 0.9 0.03 0.56 0.21 0.09 0.53 0.28 0.79 0.91 0.67 0.13 0.39 0.16 0.12 0.66 0.3 0.07 0.6 0.93 0.06 0.0 0.29 0.41 0.42 0.78 0.13 0.39 0.61 0.82 0.82 0.14 0.55 0.49 0.09 0.71 0.94 0.06 0.78 0.68 0.82 0.0 0.56 0.4 0.42 0.61
0.21 0.46 0.31 0.56 0.63 0.7 0.92 0.89 0.83 0.94 0.28 0.78 0.48 0.57 0.33 0.49 0.72 0.65 0.99 0.83 0.85 0.66 0.12 0.54 0.58 0.97 0.81 0.82 0.27 0.57 0.56 0.83 0.49 0.81 0.93 0.09 0.2 0.5 0.07 0.67 0.67 0.0 0.72 0.72 0.88 0.31 0.05 0.28 0.59 0.16 0.03 0.38 0.33 0.63 0.01 0.78 0.45 0.51 0.06 0.57 0.9 0.89 0.86 0.77 0.69 0.76 0.62 0.49 0.12 0.82 0.46 0.58 0.69 0.03 0.13 0.63 0.88 0.03 0.96 0.41 0.62 0.07 0.78 0.88 0.62 0.37 0.9 0.11 0.88 0.88 0.19 0.66 0.54 0.58 0.18 0.78 0.98 0.41 0.51 0.69
0.38 0.16 0.5 0.96 0.49 0.46 0.87 0.72 0.97 0.54 0.22 0.8 0.01 0.77 0.77 0.02 0.73 0.01 0.03 0.39 0.09 0.87 0.34 0.08 0.76 0.58 0.11 0.04 0.27 0.03 0.7 0.79 0.76 0.78 0.12 0.85 0.94 0.06 0.89 0.63 0.79 0.31 0.05 0.24 0.99 0.56 0.35 0.37 0.47 0.94 0.17 0.05 0.06 0.38 0.42 0.66 0.22 0.75 0.6 0.19 0.44 0.56 0.97 0.5 0.71 0.35 0.44 0.59 0.91 0.67 0.05 0.49 0.65 0.31 0.36 0.19 0.97 0.93 0.97 0.03 0.24 0.75 0.18 0.96 0.21 0.12 0.85 0.77 0.5 0.13 0.85 0.53 0.62 0.86 0.34 0.3 0.54 0.54 0.52 0.57
0.59 0.21 0.71 0.97 0.8 0.16 0.89 0.67 0.17 0.65 0.12 0.1 0.1 0.81 0.32 0.95 0.42 0.3 0.77 0.72 0.72 0.63 0.71 0.97 0.06 0.37 0.47 0.59 0.57 0.91 0.5 0.19 0.5 0.92 0.72 0.39 0.32 0.68 0.58 0.72 0.55 0.88 0.2 0.36 0.62 0.96 0.43 0.2 0.73 0.25 0.94 0.48 0.37 0.87 0.53 0.63 0.75 0.66 0.58 0.65 0.74 0.22 0.33 0.33 0.61 0.03 0.65 0.23 0.47 0.59 0.32 0.12 0.31 0.34 0.07 0.2 0.52 0.56 0.41 0.75 0.19 0.14 0.17 0.71 0.19 0.27 0.9 0.29 0.81 0.11 0.29 0.3 0.29 0.08 0.35 0.26 0.51 0.69 0.91 0.37
0.75 0.92 0.76 0.69 0.91 0.08 0.1 0.58 0.04 0.76 0.0 0.17 0.15 0.59 0.23 0.47 0.82 0.13 0.81 0.53 0.7 0.32 0.86 0.01 0.92 0.67 0.75 0.23 0.26 0.49 0.8 0.18 0.77 0.98 0.14 0.97 0.37 0.76 0.47 0.31 0.79 0.25 0.64 0.69 0.44 0.3 0.74 0.19 0.83 0.3 0.13 0.78 0.74 0.31 0.27 0.01 0.82 0.56 0.34 0.67 0.81 0.4 0.95 0.94 0.45 0.75 0.71 0.31 0.06 0.78 0.76 0.77 0.37 0.67 0.55 0.39 0.89 0.65 0.58 0.82 0.84 0.98 1.0 0.98 0.82 0.06 0.53 0.66 0.2 0.5 0.81 0.35 0.43 0.4 0.08 0.94 0.75 0.51 0.51 0.94
0.17 0.84 0.69 0.32 0.45 0.65 0.75 0.91 0.89 0.45 0.67 0.53 0.58 0.71 0.33 0.64 0.19 0.51 0.34 0.44 0.93 0.12 0.37 0.11 0.9 0.32 0.83 0.17 0.95 0.81 0.91 0.04 0.96 0.81 0.63 0.15 0.65 0.81 0.95 0.3 0.19 0.4 0.99 0.93 0.98 0.35 0.42 0.57 0.25 0.15 0.82 0.98 0.08 0.85 0.21 0.38 0.68 0.52 0.37 0.25 0.7 0.28 0.15 0.84 0.73 0.02 0.52 0.25 0.16 0.15 0.21 0.76 0.33 0.4 0.75 0.55 0.24 0.02 0.14 0.07 0.04 0.86 0.96 0.54 0.8 0.11 0.15 0.37 0.12 0.98 0.51 0.01 0.11 0.34 0.87 0.62 0.93 0.82 0.65 0.07
0.33 0.52 0.71 0.67 0.48 0.81 0.8 0.01 0.35 0.84 0.02 0.62 0.22 0.82 0.42 0.49 0.27 0.63 0.7 0.96 0.31 0.31 0.51 0.72 0.59 0.44 0.94 0.68 0.59 0.73 0.74 0.24 0.96 0.24 0.85 0.06 0.67 0.74 0.29 0.34 0.76 0.4 0.78 0.66 0.62 0.84 0.44 0.91 0.77 0.59 0.04 0.09 0.27 0.75 0.16 0.33 0.58 0.72 0.9 0.56 0.7 0.23 0.21 0.88 0.47 0.48 0.84 0.56 0.85 0.69 0.84 1.0 0.24 0.59 0.41 0.35 0.46 0.08 0.9 0.44 0.06 0.2 0.3 0.72 0.59 0.69 0.25 0.77 0.95 0.68 0.99 0.46 0.89 0.78 0.11 0.47 0.29 0.12 0.88 0.72
0.81 0.41 0.49 0.9 0.75 0.8 0.3 0.8 0.14 0.63 0.91 0.98 0.67 0.27 0.74 0.55 0.94 0.87 0.84 0.8 0.82 0.96 0.48 0.4 0.67 0.45 0.99 0.98 0.44 0.66 0.19 0.53 0.58 0.17 0.36 0.95 0.34 0.79 0.97 0.64 0.12 0.14 0.96 0.22 0.28 0.73 0.7 0.63 0.8 0.39 0.54 0.74 0.28 0.22 0.11 0.31 0.94 0.26 0.27 0.46 0.2 0.97 0.23 0.79 0.6 0.32 0.48 0.97 0.39 0.12 0.9 0.52 0.55 0.37 0.24 0.24 0.93 0.51 0.77 0.97 0.47 0.17 0.91 0.37 0.79 0.55 0.53 0.37 0.88 0.32 0.37 0.11 0.4 0.47 0.43 0.59 0.71 0.78 0.39 0.39
0.74 0.2 0.73 0.56 0.26 0.31 0.77 0.4 0.67 0.43 0.64 0.28 0.66 0.67 0.41 0.3 0.7 0.13 0.94 0.35 0.8 0.82 0.21 0.75 0.6 0.59 0.61 0.27 0.57 0.97 0.34 0.66 0.17 0.84 0.77 0.94 0.35 0.89 0.21 0.76 0.83 0.69 0.4 0.81 0.71 0.12 0.86 0.8 0.93 0.59 0.84 0.76 0.22 0.41 0.56 0.88 0.83 0.87 0.26 0.93 0.53 0.51 0.91 0.28 0.95 0.98 0.25 0.69 0.47 0.97 0.82 0.38 0.34 0.35 0.21 0.66 0.58 0.33 0.92 0.74 0.73 0.57 0.74 0.33 0.23 0.56 0.5 0.48 0.94 0.3 0.41 0.32 0.94 0.74 0.92 0.55 0.63 0.76 0.47 0.28
0.68 0.75 0.33 0.43 0.32 0.87 0.4 0.71 0.86 0.25 0.74 0.78 0.7 0.45 0.19 0.74 0.76 0.52 0.39 0.27 0.82 0.23 0.72 0.56 0.62 0.77 0.18 0.36 1.0 0.49 0.77 0.87 0.49 0.52 0.26 0.17 0.72 0.67 0.5 0.98 0.93 0.56 0.65 0.53 0.55 0.73 0.18 0.35 0.12 0.61 0.27 0.49 0.72 0.19 0.25 0.46 0.34 0.58 0.94 0.17 0.14 0.95 0.96 0.5 0.32 0.15 0.52 0.82 0.34 0.9 0.24 0.77 0.31 0.18 0.15 0.59 0.45 0.6 0.52 0.45 0.69 0.3 0.63 0.73 0.84 0.83 0.53 0.79 0.82 0.11 0.36 0.61 0.69 0.77 0.26 0.66 0.26 0.19 0.35 0.18
0.85 0.82 0.31 0.6 0.84 0.82 0.91 0.24 0.31 0.83 0.89 0.19 0.89 0.6 0.23 0.14 0.18 0.5 0.94 0.87 0.58 0.53 0.55 0.89 0.67 0.13 0.46 0.86 0.45 0.68 0.92 0.7 0.51 0.36 0.89 0.77 0.33 0.41 0.79 0.14 0.79 0.8 0.97 0.62 0.51 0.17 0.13 0.5 0.54 0.67 0.36 0.97 0.35 0.2 0.67 0.94 0.28 0.29 0.56 0.95 0.41 0.5 0.46 0.66 0.65 0.62 0.13 0.96 0.16 0.78 0.23 0.78 0.97 0.81 0.65 0.13 0.79 0.36 0.76 0.17 0.88 0.95 0.16 0.58 0.63 1.0 0.14 0.13 0.44 0.64 0.32 0.79 0.83 0.96 0.48 0.24 0.86 0.22 0.26 0.6
0.32 0.31 0.79 0.26 0.63 0.31 0.59 0.23 0.77 0.99 0.4 0.57 0.16 0.83 0.3 0.57 0.79 0.11 0.77 0.66 0.41 0.71 0.35 0.98 0.29 0.42 0.51 0.11 0.96 0.66 0.14 0.16 0.64 0.74 0.18 0.62 0.16 0.61 0.98 0.61 0.61 0.71 0.62 0.46 0.35 0.64 0.21 0.52 0.75 0.26 0.3 0.94 0.95 0.27 0.15 0.66 0.83 0.64 0.72 0.96 0.52 0.99 0.98 0.95 0.14 0.14 0.16 0.17 0.46 0.49 0.49 0.27 0.9 0.91 0.65 0.26 0.27 0.7 0.99 0.42 0.74 0.42 0.9 0.98 0.89 0.99 0.15 0.64 0.52 0.36 0.52 0.35 0.41 0.25 0.23 0.6 0.29 0.48 0.57 0.73
0.89 0.23 0.76 0.59 0.54 0.97 0.58 0.17 0.64 0.12 0.73 0.22 0.31 0.92 0.15 0.54 0.69 0.13 1.0 0.97 0.3 0.69 0.23 0.29 0.46 0.5 0.57 0.43 0.83 0.23 0.1 0.58 0.7 0.65 0.83 0.77 0.94 0.62 0.11 0.15 0.59 0.44 0.6 0.18 0.27 0.35 0.19 0.82 0.18 0.87 0.98 0.3 0.9 0.51 0.34 0.45 0.5 0.39 0.83 0.9 0.83 0.16 0.28 0.29 0.13 0.94 0.46 0.36 0.67 0.71 0.46 0.34 0.1 0.5 0.17 0.5 0.34 0.26 0.55 0.39 0.79 0.88 0.44 0.55 1.0 0.56 0.69 1.0 0.46 0.71 0.15 0.71 1.0 0.9 0.65 0.4 0.98 0.89 0.35 0.55
0.19 0.52 0.58 0.21 0.71 0.62 0.54 0.85 0.94 0.25 0.48 0.3 0.68 0.19 0.67 0.62 0.11 0.98 0.12 0.87 0.58 0.25 0.21 0.59 0.56 0.25 0.78 0.97 0.26 0.57 0.25 0.33 0.3 0.29 0.92 0.86 0.86 0.59 0.51 0.82 0.26 0.2 0.97 0.44 0.4 0.18 0.85 0.53 0.32 0.77 0.47 0.59 0.5 0.37 0.69 0.83 0.95 0.7 0.37 0.27 0.66 0.51 0.73 0.19 0.26 0.61 0.35 0.56 0.13 0.75 0.15 0.52 0.26 0.83 0.68 0.1 0.88 0.8 0.32 0.69 0.19 0.59 0.36 0.71 0.55 0.85 0.54 0.98 0.35 0.44 0.76 0.27 0.94 0.2 0.28 0.31 0.64 0.67 0.47 0.55
0.94 0.62 0.87 0.29 0.69 0.75 0.67 0.26 0.63 0.1 0.18 0.26 0.17 0.84 0.68 0.53 0.86 0.33 0.18 0.93 0.15 0.93 0.82 0.84 0.72 0.16 0.53 0.26 0.76 0.35 0.31 0.78 0.65 0.61 0.65 0.52 0.79 0.77 0.84 0.72 0.9 0.75 0.37 0.63 0.62 0.2 0.52 0.26 0.91 0.1 0.86 0.87 0.24 0.81 0.7 0.89 0.21 0.37 0.86 0.55 0.31 0.91 0.55 0.37 0.95 0.1 0.57 0.14 0.59 0.19 0.68 0.73 0.38 0.53 0.88 0.64 0.31 0.51 0.74 0.46 0.61 0.85 0.17 0.5 0.34 0.22 0.31 0.41 0.37 0.3 0.4 0.87 0.33 0.2 0.77 0.61 0.6 0.77 0.64 0.65
0.4 0.13 0.46 0.55 0.85 0.66 0.14 0.81 0.8 0.47 0.39 0.57 0.64 0.64 0.9 0.48 0.87 0.56 0.32 0.96 0.13 0.63 0.11 0.92 0.5 0.89 0.91 0.2 0.85 0.23 0.51 0.34 1.0 0.93 0.84 0.2 0.58 0.93 0.84 0.36 0.17 0.99 0.42 0.18 0.17 0.76 0.92 0.17 0.3 0.44 0.28 0.87 0.24 0.51 0.78 0.87 0.75 0.56 0.26 0.59 0.36 0.85 0.77 0.28 0.69 0.93 0.46 0.69 0.56 0.44 0.42 0.27 0.73 0.35 0.81 0.5 0.42 0.68 0.41 0.31 0.94 0.62 0.35 0.31 0.13 0.65 0.49 0.59 0.38 0.85 0.89 0.74 0.42 0.43 0.56 0.35 0.45 0.3 0.83 0.58
0.29 0.52 0.93 0.69 0.5 0.33 0.46 0.3 0.21 0.89 0.64 0.4 0.19 0.11 0.21 0.87 0.85 0.34 0.51 0.68 0.32 0.47 0.67 0.93 0.84 0.54 0.19 0.3 0.73 0.5 0.69 0.33 0.48 0.9 0.98 0.48 0.58 0.3 0.2 0.15 0.74 0.99 0.48 0.77 0.5 0.69 0.16 0.5 0.38 0.34 0.64 0.68 0.4 0.26 0.89 0.41 0.79 0.69 0.54 0.28 0.82 0.32 0.15 0.74 0.11 0.3 0.29 0.74 0.62 0.27 0.38 0.24 0.36 0.22 0.14 0.87 0.51 0.21 0.54 0.73 0.5 0.72 0.36 0.53 0.64 0.65 0.41 0.52 0.88 0.47 0.19 0.38 0.32 0.19 0.71 0.49 0.96 0.8 0.41 0.48
0.66 0.54 0.63 0.68 0.2 0.55 0.39 0.3 0.62 0.89 0.23 0.89 0.94 0.33 0.58 0.82 0.73 0.37 0.76 0.79 0.3 0.95 0.74 0.67 0.9 0.83 0.49 0.36 0.18 0.29 0.84 0.62 0.45 0.82 0.24 0.11 0.13 0.44 0.2 0.15 0.46 0.78 0.61 0.99 0.64 0.45 0.59 0.65 0.38 0.5 0.81 0.78 0.43 0.51 0.5 0.83 0.68 0.89 0.69 0.59 0.53 0.1 0.11 0.2 0.87 0.55 0.14 0.98 0.82 0.46 0.41 0.95 0.31 0.1 0.16 0.82 0.23 0.44 0.85 0.48 0.84 0.69 0.73 0.26 0.67 0.62 0.5 0.19 0.61 0.25 0.7 0.35 0.68 0.6 0.57 0.52 0.33 0.9 0.16 0.72
0.47 0.56 0.61 0.6 0.64 0.54 0.23 0.3 0.82 0.84 0.22 0.28 0.53 0.66 0.21 0.49 0.74 0.31 0.51 0.28 0.78 0.56 0.14 0.3 0.1 0.44 0.66 0.41 0.59 0.59 0.14 0.18 0.72 0.43 0.27 0.4 0.88 0.4 0.47 0.24 0.86 0.93 0.34 0.97 0.71 0.3 0.92 0.11 0.94 0.92 0.66 0.26 0.72 0.13 0.45 0.45 0.2 0.53 0.34 0.23 0.92 0.19 0.22 0.58 0.89 0.52 0.29 0.71 0.23 0.87 0.34 0.29 0.48 0.11 0.88 0.26 0.75 0.84 0.43 0.63 0.78 0.12 0.93 0.88 0.81 0.66 0.12 0.15 0.14 0.77 0.36 0.19 0.5 0.41 0.87 0.96 0.13 0.78 0.36 0.73
0.89 0.21 0.99 0.11 0.98 0.14 0.39 0.92 0.43 0.12 0.74 0.14 0.83 0.54 0.77 0.94 0.75 0.42 0.92 0.31 0.85 0.74 0.18 0.85 0.73 1.0 0.37 0.27 0.44 0.3 0.93 0.91 0.33 0.23 0.77 0.29 0.66 0.77 0.6 0.36 0.94 0.71 0.48 0.52 0.3 0.15 0.12 0.18 0.41 0.41 0.73 0.26 0.47 0.42 0.71 0.42 0.55 0.23 0.89 0.24 0.82 0.6 0.59 0.2 0.61 0.89 0.65 0.13 0.81 0.66 0.87 0.31 0.82 0.29 0.86 0.17 0.71 0.62 0.33 0.13 0.2 0.96 0.93 0.55 0.73 0.2 0.91 0.34 0.98 0.41 0.85 0.4 0.18 0.44 0.92 0.78 0.19 0.3 0.83 0.9
0.69 0.72 0.91 0.53 0.63 0.19 0.79 0.57 0.4 0.71 0.22 0.73 0.5 0.62 0.55 0.73 0.39 0.29 0.76 0.93 0.78 0.62 0.78 0.35 0.23 0.72 0.67 0.58 0.98 0.89 0.97 0.12 0.8 0.98 0.21 0.7 0.57 0.95 0.19 0.8 0.72 0.6 0.16 0.37 0.52 0.19 0.46 0.64 0.77 0.88 0.47 0.47 0.58 0.26 0.66 0.79 0.29 0.37 0.65 0.68 0.94 0.64 0.97 0.56 0.98 0.36 0.55 0.88 0.88 0.22 0.31 0.19 0.92 0.14 0.58 0.48 0.89 0.75 0.77 0.98 0.23 0.82 0.51 0.43 0.3 0.92 0.3 0.55 0.73 0.7 0.16 0.96 0.49 0.88 0.98 0.18 0.87 0.66 0.63 0.13
0.8 0.83 0.41 0.27 0.89 0.66 0.79 1.0 0.34 0.82 0.85 0.15 0.44 0.89 0.7 0.86 0.51 0.17 0.16 0.29 0.91 0.46 0.54 0.56 0.5 0.68 0.58 0.4 0.32 0.73 0.79 0.72 0.19 0.42 0.31 0.16 0.53 0.21 0.16 0.79 0.79 0.12 0.47 0.63 0.33 0.18 0.35 0.63 0.17 0.37 0.29 0.28 0.24 0.77 0.35 0.35 0.49 0.7 0.95 0.19 0.55 0.7 0.97 0.23 0.89 0.4 0.18 0.68 0.68 0.26 0.3 0.71 0.99 0.51 0.97 0.39 0.25 0.54 0.78 0.69 0.57 0.53 0.37 0.47 0.26 0.33 0.55 0.33 0.51 0.91 0.78 0.6 0.65 0.83 0.83 0.11 0.89 0.27 0.71 0.68
0.96 0.85 0.13 0.11 0.25 0.24 0.2 0.79 0.47 0.79 0.24 0.33 0.98 0.95 0.47 0.86 0.1 0.77 0.87 0.36 0.84 0.66 0.98 0.58 0.95 1.0 0.29 0.27 0.94 0.75 0.57 0.5 1.0 0.65 0.11 0.51 0.6 0.66 0.71 0.26 0.58 0.23 0.93 0.38 0.7 0.45 0.79 0.51 1.0 0.55 0.17 0.85 0.59 0.7 0.8 0.43 0.17 0.89 0.96 0.75 0.5 0.3 0.68 0.22 0.3 0.64 0.43 0.91 0.62 0.67 0.79 0.65 0.52 0.23 0.14 0.69 0.18 0.57 0.6 0.36 0.96 0.8 0.91 0.67 0.81 0.54 0.68 0.78 0.44 0.52 0.43 0.1 0.53 0.29 0.51 0.19 0.87 0.64 0.32 0.39
0.14 0.75 0.41 0.52 0.61 0.86 0.48 0.59 0.25 0.68 0.45 0.7 0.36 0.76 0.34 0.27 0.88 0.49 0.79 0.62 0.77 0.11 0.6 0.71 0.33 0.29 0.69 0.51 0.1 0.47 0.13 0.6 0.41 0.67 0.48 0.47 0.13 0.99 0.43 0.19 0.76 0.36 0.46 0.43 0.18 0.39 0.34 0.16 0.87 0.66 0.51 0.86 0.86 0.21 0.28 0.16 0.77 0.2 0.39 0.41 0.96 0.44 0.54 0.91 0.25 0.46 0.66 0.81 0.99 0.25 0.22 0.22 0.46 0.52 0.23 0.65 0.43 0.47 0.31 0.38 0.41 0.82 0.8 0.58 0.88 0.6 0.69 0.98 0.12 0.83 0.58 0.71 0.73 0.22 1.0 0.21 0.11 0.2 0.43 0.91
0.91 0.86 0.6 0.31 0.31 0.91 0.52 0.86 0.15 0.59 0.19 0.37 0.74 0.82 0.28 0.86 0.7 0.28 0.32 0.71 0.31 0.58 0.17 0.79 0.6 0.75 0.23 0.97 0.31 0.79 0.7 0.82 0.56 0.21 0.89 0.81 0.52 0.37 0.13 0.11 0.19 0.84 0.91 0.99 0.52 0.92 0.3 0.77 0.21 0.48 0.94 0.61 0.11 0.24 0.1 0.17 0.41 0.69 0.99 0.53 0.57 0.83 0.88 0.7 0.72 0.2 0.77 0.34 0.18 0.2 0.65 0.14 0.26 0.51 0.73 0.54 0.29 0.71 0.95 0.37 0.87 0.86 0.8 0.18 0.9 0.42 0.96 0.62 0.15 0.76 0.72 0.25 0.97 0.64 0.2 0.88 0.64 0.21 0.61 0.19
0.36 0.4 0.15 0.69 0.16 0.99 0.29 0.3 0.79 0.24 0.72 0.72 0.21 0.31 0.88 0.3 0.77 0.65 1.0 0.17 0.61 0.59 0.13 0.21 0.82 0.91 0.53 0.71 0.1 0.12 0.57 0.2 0.51 0.58 0.9 0.85 0.86 0.86 0.73 0.58 0.64 0.56 0.44 0.88 0.22 0.45 0.51 0.24 0.54 0.81 0.17 0.21 0.13 0.66 0.92 0.83 0.17 0.58 0.55 0.57 0.74 0.44 0.97 0.24 0.22 0.94 0.41 0.13 0.12 0.51 0.43 0.91 0.61 0.56 0.93 0.59 0.2 0.76 0.21 0.68 0.92 0.44 0.74 0.88 0.24 0.66 0.6 0.98 0.73 0.81 0.84 0.64 0.97 0.65 0.36 0.65 0.76 0.78 0.61 0.81
0.85 0.64 0.58 0.33 0.25 0.9 0.54 0.33 0.65 0.42 0.9 0.58 0.53 0.79 0.6 0.67 0.58 0.83 0.78 0.11 0.36 0.27 0.74 0.15 0.62 0.82 0.29 0.87 0.16 0.99 0.39 0.25 0.49 0.28 0.58 0.18 0.97 0.53 0.14 0.49 0.41 0.75 0.91 0.52 0.52 0.66 0.49 0.49 0.94 0.8 0.33 0.1 0.57 0.28 0.62 0.19 0.47 0.48 0.8 0.14 0.49 0.29 0.39 0.63 0.19 0.91 0.26 0.39 0.47 0.37 0.42 0.36 0.13 0.28 0.36 0.63 0.4 0.76 0.38 0.71 0.8 0.42 0.38 0.33 0.98 0.21 0.21 0.57 0.32 0.44 0.11 0.86 0.39 0.89 0.82 0.66 0.87 0.63 0.14 0.56
