200 5 2 3 4360
481.12 478.24 465.76 491.2 476.16
7 13 21 18 7 12 23 6 13 13 12 23 21 25 17 15 25 24 8 22 13 25 25 7 22 24 17 15 6 11 21 21 19 12 18 17 20 25 16 22 20 7 12 7 7 25 17 5 16 18 16 11 6 12 7 13 18 21 6 14 20 23 7 25 8 18 11 9 10 20 18 13 9 25 19 25 12 8 15 20 17 22 19 20 11 22 14 12 23 18 17 13 9 9 18 24 24 23 14 9 18 20 9 21 16 22 19 21 21 21 25 9 8 14 6 24 16 8 7 16 6 23 5 19 18 14 7 21 22 16 6 15 22 12 9 8 5 14 19 17 9 24 19 22 13 10 8 18 8 15 5 9 7 13 16 14 19 16 5 9 14 14 22 9 20 7 16 15 15 5 6 19 10 7 5 10 18 15 7 16 25 24 9 8 13 19 24 11 20 18 25 15 23 8 8 20 5 6 20 6
19 18 18 21 15 9 17 5 11 22 25 23 23 7 13 10 17 20 6 25 6 22 13 5 13 15 14 6 13 11 18 19 14 9 12 15 13 17 14 17 19 11 11 12 22 9 7 18 22 25 17 9 13 23 7 25 18 23 20 10 5 21 18 21 14 20 14 16 6 8 22 6 16 18 17 24 9 20 11 20 5 11 18 25 20 16 22 12 21 8 7 23 14 7 14 17 21 15 6 18 19 22 8 20 6 5 19 19 10 25 9 15 9 21 18 13 13 24 17 7 6 22 6 18 6 17 17 12 18 21 20 7 20 20 15 7 15 11 6 21 22 10 18 13 17 12 9 16 10 6 15 6 21 20 17 21 5 20 24 8 21 5 5 18 16 11 22 22 25 14 17 22 18 25 16 16 16 20 15 8 13 17 21 11 7 5 14 14 12 7 25 16 25 11 23 8 14 7 6 10
21 20 22 22 14 22 21 25 19 23 8 6 8 22 11 9 5 20 15 13 13 10 9 6 8 21 5 18 8 25 8 22 17 7 16 5 20 24 18 7 11 22 22 15 24 22 24 6 16 23 23 19 6 15 16 12 20 25 21 20 13 15 16 18 23 12 16 21 12 9 18 22 5 18 6 7 22 10 5 24 8 9 24 13 23 25 10 9 10 6 15 16 22 7 11 18 6 6 10 16 18 20 7 9 13 21 14 17 11 6 16 18 24 12 8 12 10 9 6 20 11 19 11 21 17 9 20 8 7 13 5 6 11 20 16 7 21 14 20 9 18 8 14 13 11 20 14 25 5 17 20 13 18 24 10 18 18 5 21 15 25 9 6 9 13 19 24 6 17 16 5 7 18 5 9 6 23 19 12 15 24 18 21 13 19 11 7 24 5 11 10 8 17 24 10 20 10 14 8 20
5 17 20 7 15 17 5 18 8 25 20 22 22 10 16 23 22 8 7 5 8 21 5 8 22 25 9 15 15 25 20 15 16 5 18 19 6 13 25 23 10 14 16 22 16 5 23 15 25 10 14 14 22 19 25 18 20 17 11 21 12 23 16 16 8 22 8 13 5 16 9 12 24 15 9 25 25 13 22 19 23 9 15 11 21 15 14 20 7 18 17 7 21 11 24 11 12 22 10 14 5 18 10 5 6 5 12 8 10 7 16 18 24 19 14 11 21 21 25 9 14 6 20 23 19 21 12 14 24 18 5 24 8 14 18 8 17 17 10 20 14 23 22 17 25 25 22 18 10 22 19 5 23 12 14 6 22 24 17 11 12 15 19 12 24 19 15 21 10 24 6 13 17 14 18 6 15 24 10 10 23 7 9 10 14 25 11 11 23 18 10 10 19 22 10 13 15 15 6 12
6 10 23 23 21 13 18 16 10 10 12 14 20 21 12 18 17 22 13 6 9 16 7 24 19 5 20 16 19 17 19 7 23 8 21 16 16 12 19 21 6 11 11 11 23 22 10 21 23 11 16 22 17 25 25 15 17 10 19 11 10 15 14 5 18 9 14 25 16 24 21 6 25 24 16 13 11 15 7 11 21 11 10 7 12 21 24 14 24 10 7 25 6 20 18 8 15 7 24 11 19 14 15 21 10 11 16 8 14 22 13 6 8 13 20 6 7 21 5 5 19 5 9 21 23 17 13 19 25 6 25 5 10 11 21 10 17 13 23 25 14 21 12 13 5 6 25 22 6 24 5 5 7 8 24 14 21 15 18 9 21 16 11 5 18 5 20 17 23 25 10 14 20 17 21 9 23 14 12 18 5 17 20 12 21 6 24 8 6 15 17 23 9 11 10 8 21 14 5 21
0.0 0.49 0.58 0.85 0.28
0.49 0.0 0.16 0.15 0.66
0.58 0.16 0.0 0.54 0.16
0.85 0.15 0.54 0.0 0.83
0.28 0.66 0.16 0.83 0.0
0.5 0.57 0.39 0.45 0.33
0.88 0.53
0.47 0.93
0.54 0.44
0.67 0.24
0.88 0.66
0.14 0.23 0.62 0.24 0.71 0.7 0.02 0.49 0.12 0.76 0.8 0.06 0.93 0.2 0.99 0.98 0.98 0.78 0.95 0.18 0.4 0.01 0.9 0.21 0.08 0.19 0.61 0.04 0.69 0.33 0.79 0.28 0.49 0.9 0.46 0.62 0.48 0.95 0.95 0.21 0.97 0.36 0.55 0.37 0.52 0.96 0.21 0.88 0.69 0.05 0.8 0.29 0.11 0.67 0.31 0.39 0.64 0.95 0.24 0.25 0.4 0.02 0.25 0.9 0.73 0.32 0.77 0.6 0.31 0.7 0.38 0.07 0.74 0.48 0.51 0.32 0.79 0.2 0.34 0.76 0.86 0.47 0.87 0.34 0.21 0.53 0.52 0.57 0.55 0.18 0.61 0.61 0.43 0.38 0.59 0.07 0.75 0.74 0.88 0.23 0.87 0.41 0.1 0.12 0.26 0.33 0.76 0.96 0.44 0.93 0.09 0.96 0.84 0.94 0.07 0.82 0.09 0.52 0.3 0.12 0.29 0.99 0.44 0.71 0.26 0.3 0.88 0.05 0.7 0.98 0.75 0.82 0.24 0.52 0.03 0.25 0.07 0.26 0.14 0.04 0.14 0.37 0.71 0.1 0.12 0.47 0.21 0.51 1.0 0.99 0.88 0.07 0.62 0.91 0.14 0.12 0.37 0.01 0.54 0.6 0.98 0.87 0.03 0.57 0.43 0.79 0.67 0.02 0.14 0.33 0.13 0.56 0.61 0.03 0.96 0.87 0.6 0.12 0.99 0.47 0.95 0.82 0.74 0.49 0.98 0.95 0.2 0.61 0.3 0.58 0.81 0.67 0.54 0.2 0.91 0.56 0.09 0.23 0.39 0.47
0.22 0.82 0.01 0.39 0.98 0.46 0.36 0.38 0.7 0.7 0.87 0.01 0.57 0.86 0.38 0.23 0.66 0.24 0.26 0.71 0.94 0.62 0.79 0.5 0.04 0.37 0.13 0.18 0.83 0.59 0.77 0.02 0.06 0.13 0.67 0.74 0.99 0.52 0.8 0.64 0.49 0.95 0.7 0.69 0.39 0.22 0.11 0.77 0.88 0.44 0.9 0.95 0.87 0.32 0.25 0.75 0.97 0.63 0.12 0.95 0.7 0.42 0.69 0.91 0.77 1.0 0.82 0.04 0.07 0.07 0.51 0.51 0.88 0.66 0.01 0.01 0.48 0.05 0.24 0.41 0.86 0.17 0.81 0.07 0.57 0.51 0.77 0.32 0.86 0.47 0.26 0.8 0.96 0.08 0.34 0.3 0.65 0.35 0.32 0.11 0.42 0.51 0.86 0.25 0.97 0.6 0.11 0.31 0.43 0.41 0.34 0.62 0.53 0.13 0.21 0.25 0.3 0.98 0.5 0.65 0.97 0.33 0.32 0.28 0.52 0.23 0.77 0.04 0.8 0.65 0.06 0.97 0.88 0.74 0.72 0.67 0.88 0.02 0.86 0.29 0.58 0.36 0.87 0.76 0.77 0.11 0.27 0.99 0.27 0.88 0.75 0.88 0.67 0.81 0.26 0.46 0.44 0.88 0.22 0.37 0.24 0.87 0.64 0.54 0.38 0.98 0.3 0.38 0.58 0.65 0.74 0.41 0.9 0.98 0.25 0.77 0.34 0.39 0.42 0.4 0.52 0.85 0.23 0.73 0.36 0.26 0.85 0.83 0.54 0.75 0.04 0.58 0.4 0.62 0.04 0.1 0.38 0.31 0.39 0.43
0.4 0.48 0.9 0.67 0.72 0.71 0.73 1.0 0.51 0.41 0.62 0.7 0.85 0.1 0.88 0.96 0.9 0.73 0.98 0.59 0.83 0.23 0.76 0.29 0.71 0.08 0.35 0.25 0.16 0.94 0.25 0.19 0.09 0.8 0.3 0.8 0.55 0.95 0.91 0.43 0.28 0.99 0.49 0.19 0.96 0.16 0.37 0.53 0.6 0.36 0.74 0.79 0.95 0.13 0.64 0.8 0.8 1.0 0.27 0.76 0.91 0.16 0.3 0.03 0.72 0.09 0.65 0.62 0.21 0.88 0.85 0.93 0.15 0.58 0.08 0.98 0.94 0.31 0.61 0.54 0.55 0.2 0.38 0.29 0.26 0.63 0.06 0.15 0.59 0.75 0.83 0.32 0.28 0.79 0.08 0.66 0.7 0.07 0.42 0.95 0.88 0.91 0.09 0.68 0.98 0.19 0.29 0.3 0.15 0.48 0.01 0.41 0.19 0.7 0.09 0.71 0.37 0.52 0.89 0.27 0.13 0.06 0.39 0.42 0.61 0.68 0.79 0.32 0.59 0.47 0.79 0.22 0.56 0.33 0.3 0.94 0.43 0.45 0.07 0.02 0.11 0.57 0.67 0.72 0.13 0.74 0.77 0.83 0.83 0.55 0.55 0.92 0.06 0.35 0.93 0.39 0.11 0.72 0.26 0.8 0.46 0.93 0.2 0.8 0.31 0.56 0.48 0.7 0.31 0.3 0.93 0.7 0.65 0.25 0.38 0.72 0.11 0.62 0.7 0.49 0.42 0.0 0.9 0.69 0.26 0.77 0.94 0.86 0.02 0.96 0.31 0.54 0.39 0.54 0.96 0.73 0.02 0.81 0.18 0.5
0.55 0.43 0.61 0.69 0.83 0.51 0.98 0.84 0.55 0.7 0.66 0.43 0.06 0.71 0.12 0.69 0.16 0.76 0.04 0.31 0.28 0.89 0.5 0.73 0.53 0.49 0.09 0.8 0.8 0.93 0.01 0.77 0.73 0.57 0.89 0.99 0.97 0.5 0.81 0.58 0.85 0.28 0.58 0.91 0.98 0.08 0.46 0.99 0.52 0.12 0.18 0.63 0.48 0.08 0.41 0.55 0.14 0.8 0.57 0.4 0.03 0.98 0.92 0.43 0.14 0.97 0.81 0.68 0.73 0.55 0.17 0.24 0.58 0.09 0.12 0.9 0.19 0.47 0.88 0.4 0.74 0.23 0.53 0.39 0.1 0.07 0.31 0.5 0.42 0.67 0.5 0.75 0.47 0.67 0.75 0.54 0.3 0.86 0.86 0.98 0.29 0.48 0.24 0.14 0.29 0.26 0.93 0.19 0.12 0.17 0.33 0.49 0.47 0.42 0.16 0.81 0.43 0.15 0.6 0.16 0.03 0.73 0.17 0.23 0.9 0.82 0.66 0.61 0.72 0.65 0.78 0.06 0.56 0.27 0.8 0.8 0.85 0.33 0.03 0.68 0.37 0.55 0.07 0.78 0.75 0.74 0.96 0.99 0.97 0.03 0.0 0.17 0.18 0.28 0.82 0.21 0.24 0.82 0.33 0.95 0.81 0.51 0.68 0.86 0.1 0.69 0.1 1.0 0.23 0.25 0.81 0.75 0.37 0.24 0.11 0.93 0.35 0.65 0.76 0.44 0.16 0.1 0.67 0.61 0.39 0.57 0.21 0.55 0.55 0.29 0.59 0.48 0.34 0.15 0.56 0.05 0.32 0.17 0.31 0.61
0.72 0.52 0.11 0.93 0.45 0.76 0.98 0.68 0.86 0.04 0.72 0.88 0.69 0.11 0.33 0.45 0.58 0.47 0.72 0.41 0.83 0.67 0.36 0.24 0.53 0.23 0.68 0.75 0.13 0.46 0.12 0.89 0.63 0.59 0.79 0.1 0.93 0.73 0.79 0.87 0.34 0.77 0.38 0.48 0.4 0.41 0.95 0.44 0.99 0.33 0.26 0.5 0.47 0.96 0.07 0.47 0.5 0.96 0.61 0.12 0.81 0.74 0.16 0.1 0.83 0.86 0.0 0.64 0.46 0.64 0.91 0.23 0.27 0.35 0.17 0.78 0.47 0.42 0.21 0.01 0.89 0.12 0.11 0.5 0.78 0.24 0.74 0.39 0.83 0.34 0.27 0.36 0.07 0.61 0.36 0.95 0.72 0.27 0.61 0.14 0.06 0.06 0.83 0.55 0.56 0.03 0.85 0.19 0.24 0.03 0.74 0.08 0.64 0.23 0.57 0.94 0.29 0.58 0.83 0.29 0.63 0.51 0.28 0.94 0.79 0.19 0.9 0.9 0.67 0.03 0.25 0.1 0.1 0.86 0.88 0.52 0.25 0.05 0.23 0.48 0.27 0.78 0.77 0.04 0.06 0.88 0.63 0.72 0.71 0.21 0.11 0.7 0.21 0.06 0.33 0.87 0.28 0.78 0.99 0.67 0.55 0.57 0.24 0.94 0.94 0.78 0.54 0.8 0.84 0.08 0.52 0.6 0.75 0.3 0.34 0.76 0.16 0.47 0.09 0.02 0.66 0.8 0.38 0.05 1.0 0.73 0.17 0.45 0.2 0.49 0.75 0.15 0.81 0.03 0.1 0.63 0.79 0.04 0.68 0.87
0.44 0.24 0.48 0.12 0.7 0.95 0.75 0.29 0.64 0.4 0.45 0.17 0.82 0.93 0.96 0.37 0.84 0.24 0.99 0.77 0.67 0.23 0.61 0.18 0.89 0.19 0.21 0.36 0.66 0.66 0.42 0.76 0.24 0.98 0.69 0.85 0.32 0.99 0.53 0.32 0.77 0.58 0.83 0.86 0.6 0.19 0.42 0.16 0.3 0.21 0.9 0.89 0.36 0.41 0.17 0.21 0.89 0.68 0.82 0.93 0.5 0.31 0.36 1.0 0.98 0.47 0.64 0.28 0.33 0.39 0.13 0.11 0.93 0.32 0.54 0.95 0.98 0.4 0.48 0.79 0.17 0.73 0.79 0.28 0.24 0.41 0.56 0.24 0.64 0.95 0.74 0.33 0.11 0.45 0.67 0.52 0.24 0.82 0.64 0.83 0.52 0.37 0.79 0.9 0.32 0.47 0.82 0.84 0.62 0.43 0.87 0.31 0.24 0.96 0.39 0.64 0.69 0.32 0.82 0.57 0.97 0.2 0.93 0.64 0.82 0.84 0.46 0.2 0.12 0.68 0.25 0.38 0.71 0.88 0.59 0.66 0.92 0.41 0.49 0.84 0.89 0.33 0.67 0.7 0.77 0.94 0.8 0.14 0.24 0.16 0.71 0.27 0.8 0.72 0.29 0.88 0.75 0.18 0.44 0.18 0.5 0.26 0.18 0.49 0.49 0.88 0.19 0.43 0.79 0.43 0.96 0.76 0.81 0.84 0.47 0.37 0.54 0.97 0.36 0.39 0.97 0.52 0.32 0.6 0.72 0.87 0.87 0.56 0.75 0.55 0.31 0.53 0.9 0.85 0.83 0.93 0.36 0.85 0.84 0.21
1.0 1.0 0.41 0.26 0.92 0.75 0.59 0.15 0.46 0.55 0.47 0.72 0.5 0.5 0.65 0.59 0.88 0.3 0.84 0.54 0.81 0.56 0.42 0.63 0.53 0.68 0.59 0.7 0.21 0.19 0.94 0.42 0.68 0.24 0.24 0.69 0.64 0.4 0.89 0.7 0.49 0.33 0.45 0.17 0.8 0.42 0.62 0.37 0.47 0.36 0.82 0.18 0.71 0.99 0.54 0.24 0.57 0.33 0.34 0.93 0.72 0.15 0.5 0.21 0.16 0.93 0.6 0.38 0.74 0.34 0.33 0.18 0.65 0.44 0.54 0.16 0.4 0.84 0.85 0.4 0.19 0.22 0.42 0.44 0.88 0.16 0.32 0.2 0.97 0.19 0.44 0.89 0.59 0.52 0.61 0.43 0.48 0.67 0.34 0.6 0.75 0.89 0.85 0.41 0.72 0.54 0.25 0.9 0.81 0.59 0.44 0.94 0.76 0.62 0.63 0.55 0.89 0.51 0.89 0.11 0.73 0.9 0.71 0.8 0.25 0.28 0.36 0.57 0.17 0.94 0.68 0.51 0.72 0.22 0.48 0.48 0.28 0.82 0.38 0.42 0.37 0.65 0.8 0.84 0.99 0.36 0.18 0.12 0.27 0.72 0.25 0.66 0.98 0.84 0.14 0.4 0.84 0.41 0.87 0.46 0.16 0.98 0.85 0.91 0.46 0.79 0.48 0.35 0.29 0.7 0.75 0.8 0.19 0.28 0.68 0.34 1.0 0.28 0.4 0.41 0.26 0.26 0.75 0.89 0.44 0.19 0.53 0.72 0.37 0.72 0.28 0.86 0.71 0.66 0.85 0.2 0.99 0.5 0.62 0.11
0.52 0.5 0.94 0.19 0.84 0.35 0.9 0.67 0.12 0.66 0.47 0.57 0.76 0.87 0.12 0.87 0.9 0.82 0.32 0.17 0.95 0.8 0.37 0.83 0.13 0.95 0.61 0.35 0.56 0.45 0.95 0.5 0.71 0.57 0.42 0.66 0.27 0.12 0.38 0.25 0.19 0.1 0.89 0.43 0.89 0.78 0.41 0.58 0.66 0.2 0.22 0.27 0.48 0.25 0.97 0.56 0.99 0.13 0.15 0.96 0.4 0.19 0.98 0.65 0.8 0.86 0.38 0.38 0.36 0.82 0.87 0.34 0.14 0.21 0.35 0.38 0.66 0.44 0.63 0.84 0.46 0.45 0.57 0.86 0.11 0.39 0.21 0.37 0.59 0.5 0.54 0.83 0.68 0.34 0.87 0.2 0.31 0.36 0.27 0.44 0.5 0.64 0.9 0.73 0.28 0.36 0.45 0.56 0.7 0.34 0.26 0.71 0.67 0.99 0.46 0.27 0.34 0.73 0.46 0.64 0.59 0.85 0.54 0.24 0.82 0.96 0.91 0.18 0.73 0.76 0.42 0.51 0.88 0.35 0.77 0.32 0.33 0.45 0.27 0.85 0.46 0.75 0.87 0.35 0.9 0.13 0.7 0.76 0.1 0.22 0.6 0.36 0.81 0.43 0.74 0.87 0.47 0.3 0.12 0.83 0.34 0.98 0.25 0.8 0.33 0.64 0.28 0.3 0.99 0.3 0.89 0.75 0.5 0.85 0.67 0.73 0.32 0.2 0.55 0.15 0.25 0.1 0.92 0.75 0.3 0.98 0.2 0.98 0.92 0.1 0.65 0.31 1.0 0.11 0.56 0.84 0.83 0.34 1.0 0.18
0.63 0.55 0.99 0.84 0.86 0.7 0.71 0.4 0.74 0.28 0.49 0.69 0.45 0.67 0.21 0.93 0.65 0.49 0.19 0.7 0.11 0.2 0.35 0.88 0.12 0.56 0.67 0.93 0.16 0.37 0.92 0.94 0.7 0.19 0.15 0.86 0.15 0.34 0.19 0.59 0.97 0.78 0.32 0.29 0.86 0.89 0.21 0.43 0.95 0.34 0.11 0.63 0.46 0.25 0.41 0.55 0.8 0.21 0.13 0.64 0.57 0.69 0.11 0.4 0.34 0.81 0.5 0.1 0.74 0.14 0.9 0.6 0.95 0.73 0.37 0.51 0.82 0.38 0.15 0.89 0.8 0.98 0.92 0.29 0.17 0.91 0.5 0.3 0.82 0.42 0.17 0.73 0.67 0.64 0.95 0.94 0.95 0.46 0.34 0.31 0.48 0.94 0.7 0.49 0.2 0.57 0.66 0.31 0.43 0.39 0.29 0.48 0.76 0.69 0.84 0.68 0.24 0.26 0.29 0.41 0.19 0.31 0.24 0.6 0.45 0.22 0.65 0.98 0.62 0.12 0.8 0.96 0.93 0.41 0.18 0.36 0.35 0.86 0.91 0.43 0.65 0.56 0.11 0.17 0.15 0.26 0.63 0.96 0.99 0.12 0.88 0.81 0.29 0.83 0.81 0.32 0.39 0.93 0.83 0.13 0.3 0.82 0.5 0.36 0.2 0.31 0.28 0.71 0.53 0.76 0.59 0.55 0.28 0.22 0.7 0.13 0.64 0.35 0.58 0.65 0.4 0.81 0.33 0.82 0.87 0.18 0.7 0.32 0.16 0.5 0.98 1.0 0.27 0.13 0.84 0.82 0.88 0.56 0.47 0.84
0.31 0.83 0.24 0.89 0.47 0.81 0.74 0.56 0.67 0.2 0.44 0.67 0.39 0.4 0.27 0.66 0.32 0.34 0.61 0.92 0.42 0.13 0.25 0.85 0.44 0.85 0.99 0.55 0.57 0.29 0.21 0.77 0.63 0.8 0.63 0.52 0.68 0.21 0.21 0.81 0.44 0.88 0.36 0.11 0.55 0.37 1.0 0.42 0.72 0.4 0.96 0.25 0.53 0.42 0.7 0.49 0.87 0.53 0.19 0.19 0.41 0.15 0.9 0.69 0.4 0.54 0.57 0.66 0.3 0.1 0.5 0.45 0.3 0.38 0.41 0.18 0.69 0.35 0.13 0.98 0.84 0.58 0.6 0.7 0.4 0.92 0.26 0.83 0.18 0.58 0.58 0.16 0.4 0.26 0.21 0.2 0.4 0.93 0.57 0.93 0.85 0.37 0.25 0.22 0.89 0.77 0.53 0.81 0.93 0.44 0.74 0.7 0.74 0.68 0.97 0.13 0.8 0.27 0.45 0.5 0.47 0.65 0.13 0.97 0.95 0.83 0.69 0.37 0.62 0.15 0.76 0.31 0.76 0.86 0.41 0.3 0.94 0.58 0.25 0.34 0.58 0.73 0.42 0.12 0.89 0.95 0.2 0.88 0.29 0.51 0.46 0.15 0.65 0.78 0.3 0.24 0.74 0.51 0.66 0.49 0.61 0.95 0.62 0.46 0.96 0.25 0.71 0.37 0.53 0.23 0.39 0.95 0.1 0.24 0.77 0.52 0.55 0.97 0.96 0.74 0.59 0.94 0.14 0.55 0.65 0.5 0.19 0.77 0.69 0.84 0.93 0.52 0.62 0.35 0.38 0.8 0.95 0.41 0.73 0.86
