200 10 2 3 4737
241.12 243.12 242.64 225.28 237.2 235.2 244.64 239.76 234.32 247.36
9 23 12 24 23 9 8 13 22 23 15 18 6 25 10 10 11 14 21 19 13 22 18 17 15 14 7 18 5 6 15 17 23 17 9 15 24 15 21 20 25 22 6 25 13 5 7 10 16 10 7 15 6 19 8 21 7 7 17 8 16 24 7 16 5 24 6 12 8 12 16 23 13 10 5 21 25 11 9 8 17 13 22 6 18 24 16 19 8 5 17 23 25 12 9 14 25 14 21 13 15 12 20 14 7 25 22 11 21 21 5 7 6 25 25 16 25 17 23 10 18 17 10 9 7 25 9 21 15 14 7 21 12 17 9 25 25 17 18 20 19 22 19 17 16 9 10 17 21 12 8 10 8 19 15 15 18 21 14 16 25 11 21 15 19 23 25 10 17 7 13 18 17 9 22 8 20 13 19 10 14 20 21 5 23 9 5 7 19 6 16 18 7 6 5 25 13 21 17 14
24 25 7 9 5 22 8 21 24 18 18 9 8 8 18 25 22 18 13 11 24 20 9 6 14 16 23 17 22 21 8 22 20 8 16 10 9 10 20 7 22 18 15 8 5 14 10 10 16 9 18 9 21 12 11 5 17 21 17 24 12 20 21 15 24 22 15 7 6 19 8 22 13 5 14 13 8 12 22 23 19 22 16 6 13 22 23 8 22 19 19 9 18 14 24 23 15 5 20 7 17 5 16 18 8 24 8 10 8 15 8 8 12 19 15 10 25 24 19 23 23 15 20 19 11 23 19 9 21 24 23 19 10 10 17 8 19 12 22 21 16 18 18 20 14 23 18 8 6 12 16 9 8 16 6 23 17 17 8 10 14 15 24 8 14 8 21 5 7 8 14 12 22 20 11 15 17 16 18 22 21 5 16 15 20 10 24 19 6 10 25 17 8 13 18 25 8 6 17 23
18 24 20 17 9 11 16 21 18 25 13 16 8 22 23 11 13 11 12 22 14 15 25 17 12 22 19 12 7 11 12 12 15 8 24 18 9 24 16 15 16 16 6 17 13 17 23 15 25 16 20 18 11 25 24 18 16 22 5 8 20 12 22 12 14 12 24 15 6 9 23 7 20 23 21 10 13 20 17 6 9 10 8 20 10 20 5 11 19 20 8 15 23 6 11 8 18 6 24 14 23 13 12 14 19 9 6 19 13 13 25 16 16 23 5 19 9 10 23 6 21 5 12 11 16 13 8 16 22 14 17 5 11 13 23 16 9 23 6 9 25 7 22 12 20 14 10 6 6 17 6 23 16 10 18 10 25 19 21 19 5 14 14 21 25 24 19 25 13 5 8 18 25 13 12 8 24 14 21 6 24 9 22 25 11 9 20 18 14 25 14 7 14 7 5 24 15 17 7 24
5 22 9 16 14 12 10 21 7 10 22 12 16 15 8 5 25 10 19 13 23 21 25 14 15 14 15 22 25 6 5 8 12 16 8 17 19 9 12 6 25 22 9 9 7 18 11 16 12 11 8 18 12 24 10 24 7 10 12 10 17 10 6 9 20 19 8 21 5 8 22 7 11 5 7 11 11 16 18 9 8 13 21 16 10 5 23 20 16 20 24 11 5 6 6 16 25 17 25 9 7 17 9 21 14 14 19 21 9 7 20 18 21 12 22 8 20 5 5 20 23 9 21 19 6 9 5 5 18 18 6 6 20 18 25 15 5 11 15 22 14 5 21 25 15 22 23 25 17 25 21 6 12 12 14 21 21 18 24 17 13 14 12 14 25 12 16 14 7 8 13 9 11 19 15 12 18 21 5 16 12 15 14 5 23 9 14 19 25 14 17 7 5 16 5 19 6 5 5 10
12 7 23 5 13 22 9 22 21 13 12 15 7 11 17 17 23 16 5 22 6 16 7 12 10 11 15 24 12 25 6 6 6 23 23 17 22 18 19 21 16 21 17 18 16 16 15 14 6 7 25 25 5 11 6 7 19 21 20 23 7 24 7 18 25 10 10 24 10 22 5 6 15 23 13 14 8 16 6 11 18 23 23 13 23 23 25 7 18 24 21 17 25 11 22 19 5 9 22 13 24 24 22 19 11 13 6 13 23 11 22 7 10 19 10 21 17 10 5 18 7 12 21 24 9 21 17 15 5 13 11 5 12 8 11 14 6 8 19 24 15 6 9 7 7 14 16 18 15 15 20 23 9 12 5 13 24 14 20 15 9 13 5 9 10 17 10 18 25 7 7 7 18 22 7 25 16 25 23 15 18 24 8 24 11 6 14 17 25 10 8 18 6 15 14 17 13 10 20 21
22 8 17 12 9 12 17 16 10 18 7 11 5 21 11 19 13 12 7 16 10 11 21 6 15 9 11 23 8 16 19 16 6 6 17 5 25 20 17 6 15 17 21 11 24 16 9 18 19 8 10 20 6 7 23 23 10 18 14 17 6 9 23 8 15 20 19 9 6 5 20 9 24 13 17 25 5 6 20 16 5 19 10 21 5 5 19 9 15 5 10 10 11 8 19 24 25 16 10 21 16 21 20 22 25 10 7 16 18 6 5 6 17 14 21 25 7 11 8 5 21 14 23 25 24 22 6 25 9 8 22 17 20 20 20 13 24 16 22 9 10 10 13 8 24 24 16 16 25 22 10 6 18 15 21 17 25 14 6 21 6 19 11 13 15 16 7 9 12 6 20 12 18 20 21 25 16 18 19 12 14 14 13 8 10 11 24 15 8 15 10 24 7 7 24 23 11 22 23 23
12 6 8 6 9 9 15 22 15 17 13 10 5 25 19 19 6 20 21 12 12 25 21 6 14 15 18 19 20 7 15 14 7 5 8 24 19 11 16 12 21 11 19 23 23 10 8 10 22 22 25 18 25 24 14 24 9 17 19 21 25 5 14 14 21 24 5 6 19 5 22 24 21 13 19 21 14 17 13 10 5 20 7 25 14 16 21 16 6 23 19 23 23 25 11 23 12 14 18 6 11 16 19 25 18 5 7 15 18 15 18 24 25 23 18 10 25 6 11 12 17 6 15 11 12 25 10 7 19 25 15 5 11 7 8 25 10 24 20 22 14 18 24 25 17 18 25 10 21 10 13 13 20 23 7 9 19 22 7 21 7 5 22 9 10 25 25 6 9 24 18 16 6 18 18 6 5 5 19 6 10 10 18 15 7 20 14 7 5 23 8 18 24 20 13 11 22 5 17 20
22 19 21 10 12 17 13 23 8 17 12 9 18 19 15 22 8 5 23 14 16 22 18 23 6 5 20 17 17 8 13 16 17 7 17 9 12 8 14 10 23 20 7 21 7 25 20 10 23 24 12 13 5 5 16 22 11 11 24 18 14 18 11 22 24 23 8 12 21 15 12 7 15 23 6 12 5 20 11 24 21 13 25 15 14 9 12 5 25 5 22 23 13 19 8 10 10 5 19 10 16 15 17 9 12 8 5 6 15 6 12 5 19 5 21 6 15 20 17 22 12 25 10 10 24 23 18 7 18 19 10 21 15 6 11 5 21 22 14 17 7 15 8 9 25 16 11 25 7 22 14 17 19 14 6 21 14 22 16 10 10 17 13 20 15 17 18 17 18 5 11 5 14 25 15 21 19 18 7 23 19 21 13 25 20 13 15 7 23 5 10 25 18 5 18 23 19 19 24 25
12 21 14 19 12 20 11 6 13 14 15 25 24 11 6 9 18 19 22 17 14 15 15 5 8 13 23 11 13 19 6 15 5 15 15 12 12 9 11 21 11 6 20 9 18 8 5 10 9 21 24 25 20 7 5 7 15 20 8 10 17 12 13 7 13 8 7 23 9 17 23 18 20 11 10 15 12 22 9 16 14 18 16 13 15 14 20 25 7 10 11 10 16 7 7 23 9 8 24 7 23 11 10 23 13 6 10 19 21 24 22 20 7 18 16 18 7 15 20 10 12 11 19 19 7 19 25 20 24 18 23 22 13 11 16 6 20 10 19 7 5 17 16 18 25 13 5 9 14 25 12 8 11 25 15 25 20 18 16 17 5 13 11 22 24 14 16 19 22 10 15 18 18 19 23 21 8 9 15 15 17 7 10 16 10 10 10 15 10 11 17 18 11 24 9 22 22 25 6 15
19 16 8 7 19 25 9 20 24 14 14 18 6 5 6 12 14 22 24 23 12 17 16 23 16 22 11 6 20 15 15 17 11 12 17 5 14 24 17 23 14 13 7 10 18 10 5 16 23 9 24 23 11 15 10 20 19 10 13 18 20 15 8 5 22 10 9 9 20 7 5 9 25 21 21 9 14 20 17 6 19 22 21 15 5 21 15 18 14 6 17 21 9 8 17 25 24 9 22 17 24 20 18 17 9 10 5 25 18 16 17 16 18 23 24 11 15 12 17 15 20 25 15 10 19 6 10 9 11 20 17 11 24 25 14 20 21 7 8 21 16 16 23 16 22 6 16 23 15 5 20 5 9 22 9 17 19 18 14 25 6 11 22 24 23 20 15 19 10 23 13 9 13 21 24 7 13 21 9 20 20 19 25 6 22 23 14 16 25 25 7 11 13 6 11 9 18 12 9 16
0.0 0.32 0.57 0.37 0.54 0.28 0.34 0.54 0.02 0.83
0.32 0.0 0.93 0.8 0.6 0.17 0.87 0.03 0.23 0.93
0.57 0.93 0.0 0.64 0.2 0.07 0.13 0.12 0.07 0.68
0.37 0.8 0.64 0.0 0.5 0.78 0.62 0.72 0.67 0.69
0.54 0.6 0.2 0.5 0.0 0.87 0.37 0.54 0.27 0.13
0.28 0.17 0.07 0.78 0.87 0.0 0.64 0.01 0.45 0.37
0.34 0.87 0.13 0.62 0.37 0.64 0.0 0.2 0.73 0.58
0.54 0.03 0.12 0.72 0.54 0.01 0.2 0.0 0.23 0.78
0.02 0.23 0.07 0.67 0.27 0.45 0.73 0.23 0.0 0.48
0.83 0.93 0.68 0.69 0.13 0.37 0.58 0.78 0.48 0.0
0.42 0.52 0.56 0.51 0.48 0.54 0.49 0.42 0.52 0.36
0.56 0.59
0.28 0.63
0.38 0.97
0.11 0.81
0.94 0.91
0.49 0.1
0.54 0.25
0.7 0.95
0.1 0.85
0.53 0.27
0.76 0.04 0.55 0.74 0.85 0.72 0.21 0.54 0.4 0.31 0.08 0.55 0.09 0.82 0.32 0.0 0.59 0.52 0.87 0.92 0.64 0.99 0.99 0.52 0.26 0.63 0.92 0.7 0.63 0.79 0.86 0.87 0.79 0.17 0.43 0.63 0.72 0.09 0.15 0.57 0.18 0.16 0.22 0.04 0.33 0.18 0.09 0.7 0.37 0.74 0.41 0.82 0.75 0.84 0.74 0.0 0.4 0.63 0.63 0.28 0.45 0.88 0.32 0.15 0.57 0.38 0.22 0.86 0.27 0.26 0.16 0.38 0.6 0.26 0.35 0.45 0.48 0.37 0.54 0.94 0.07 0.32 0.96 0.06 0.98 0.1 0.07 0.71 0.48 0.56 0.21 0.55 0.27 0.06 0.57 0.57 0.02 0.9 0.92 0.67 0.82 0.75 0.48 0.98 0.54 0.44 0.58 0.81 0.01 0.95 0.63 0.29 0.88 0.36 0.22 0.12 0.76 0.56 0.48 0.07 0.83 0.51 0.43 0.04 0.44 0.28 0.95 0.13 0.56 0.35 0.17 0.4 0.47 0.23 0.29 0.91 0.68 0.71 0.28 0.72 0.69 0.68 0.56 0.02 0.28 0.41 0.16 0.77 0.5 0.69 0.52 0.85 0.01 0.96 0.79 0.12 0.93 0.68 0.72 0.06 0.33 0.99 0.48 0.82 0.72 0.55 0.58 0.62 0.64 0.81 0.76 0.95 0.54 0.49 0.89 0.26 0.37 0.82 0.55 0.35 0.76 0.71 0.77 0.38 0.27 0.87 0.55 0.19 0.01 0.53 0.61 0.03 0.41 0.67 0.69 0.19 0.8 0.44 0.18 0.8
0.24 0.86 0.14 0.76 0.31 0.61 0.86 0.57 0.41 0.59 0.35 0.8 0.68 0.13 0.16 0.21 0.47 0.2 0.63 0.8 0.75 0.43 0.82 0.93 0.39 0.94 0.67 0.4 0.35 0.63 0.2 0.43 0.4 0.67 0.31 0.81 0.89 0.14 0.82 0.41 0.06 0.47 0.35 0.39 0.18 0.34 0.96 0.57 0.66 0.82 0.37 0.26 0.07 0.92 0.35 0.78 0.06 0.6 0.1 0.95 0.89 0.09 0.78 0.27 0.34 0.88 0.1 0.76 0.75 0.84 0.51 0.24 0.84 0.52 0.43 0.95 0.93 0.5 0.44 0.64 0.85 0.7 0.58 0.79 0.8 0.09 0.28 0.03 0.34 0.3 0.06 0.28 0.65 0.54 0.84 0.2 0.27 0.86 0.94 0.33 0.31 0.49 0.79 0.32 0.39 0.69 0.23 0.88 0.99 1.0 0.54 0.75 0.17 0.72 0.28 0.83 0.09 0.79 0.25 0.39 0.11 0.64 0.66 0.91 0.03 0.22 0.03 0.07 0.16 0.95 0.77 0.48 0.14 0.2 0.08 0.32 0.72 0.9 0.5 0.05 0.92 0.7 0.17 0.76 0.27 0.85 0.23 0.71 0.66 0.78 0.61 0.09 0.78 0.79 0.66 0.12 0.84 0.45 0.13 0.84 0.43 0.81 0.58 0.36 0.36 0.44 0.1 0.2 0.71 0.47 0.35 0.23 0.77 0.52 0.06 0.97 0.83 0.8 0.64 0.63 0.41 0.91 0.95 0.65 0.22 0.57 0.17 0.08 0.4 0.13 0.44 0.08 0.36 0.25 0.52 0.41 0.31 0.07 0.24 0.08
0.3 0.8 0.8 0.2 0.49 0.66 0.89 0.64 0.41 0.95 0.05 0.4 0.94 0.53 0.47 0.11 0.13 0.88 0.48 0.64 0.62 0.68 0.68 0.51 0.85 0.74 0.9 0.71 0.73 0.96 0.38 0.47 0.0 0.75 0.07 0.84 0.43 0.9 0.15 0.4 0.86 0.95 0.79 0.8 0.78 0.5 0.33 0.47 0.86 0.1 0.55 0.09 0.72 0.34 0.58 0.18 0.44 0.94 0.84 0.76 0.69 0.4 0.66 0.12 0.31 0.93 0.86 0.11 0.62 0.37 0.17 0.02 0.66 0.41 0.21 0.31 0.72 0.29 0.92 0.06 0.73 0.04 0.1 0.67 0.33 0.23 0.9 0.59 0.99 0.46 0.25 0.48 0.36 0.31 0.52 0.34 0.36 0.38 0.67 0.5 0.51 0.15 0.97 0.49 0.73 0.39 0.88 0.64 0.45 0.7 0.06 0.51 0.4 0.04 0.45 0.73 0.57 0.05 0.95 0.49 0.98 0.17 0.3 0.02 0.84 0.95 0.28 0.35 0.75 0.02 0.58 0.08 0.09 0.71 0.39 0.38 0.97 0.04 0.8 0.89 0.84 0.02 0.62 0.05 0.83 0.66 0.64 0.94 0.24 0.59 0.02 0.74 0.09 0.24 0.45 0.03 0.25 0.12 0.37 0.53 0.34 0.23 0.11 0.68 0.91 0.8 0.92 0.89 0.44 0.61 0.09 0.05 0.79 0.35 0.46 0.53 0.67 0.19 0.08 0.43 0.32 0.12 0.12 0.03 0.53 0.2 0.31 0.27 0.79 0.23 0.1 0.86 0.22 0.85 0.29 0.98 0.39 0.82 0.18 0.59
0.88 0.0 0.98 0.19 0.09 0.48 0.26 0.83 0.24 0.12 0.88 0.15 0.41 0.74 0.91 0.19 0.59 0.25 0.86 0.02 0.67 0.65 0.0 0.67 0.14 0.33 0.42 0.13 0.79 0.97 0.98 0.82 0.93 0.77 0.82 0.76 0.84 0.13 0.74 0.88 0.91 0.29 0.11 0.85 0.29 0.93 0.31 0.35 0.9 0.91 0.8 0.16 0.47 0.05 0.81 0.25 0.36 0.02 0.25 0.78 0.92 0.8 0.11 0.16 0.08 0.85 0.23 0.32 0.74 0.74 0.18 0.49 0.68 0.02 0.17 0.68 0.64 0.48 0.6 0.09 0.19 0.52 0.48 0.14 0.72 0.06 0.97 0.82 0.28 0.94 0.33 0.98 0.11 0.26 0.97 0.19 0.15 0.88 0.37 0.83 0.36 0.8 0.58 0.81 0.33 0.69 0.16 0.8 0.2 0.91 0.81 0.36 0.53 0.22 0.58 0.17 0.83 0.53 0.48 0.56 0.98 0.29 0.33 0.79 0.09 0.32 0.72 0.55 0.71 0.0 0.35 0.85 0.34 0.48 0.07 0.48 0.23 0.91 0.38 0.04 0.57 0.03 0.06 0.32 0.59 0.49 0.5 0.39 0.17 0.34 0.6 0.54 0.37 0.97 0.21 0.63 0.25 0.08 0.97 0.19 0.99 0.34 0.34 0.41 0.44 0.45 0.5 0.1 0.14 0.12 0.36 0.96 0.24 0.67 0.92 0.4 0.41 0.26 0.76 0.02 0.16 0.63 0.94 0.21 0.92 0.38 0.96 0.58 0.14 0.8 0.67 0.68 0.91 0.03 0.77 0.15 0.25 0.05 0.61 0.85
0.9 0.69 0.61 0.08 0.92 0.76 0.59 0.81 0.15 0.28 0.17 0.88 0.72 0.78 0.25 0.52 0.2 0.75 0.24 0.13 0.9 0.17 0.08 0.17 0.85 0.32 0.74 0.35 0.96 0.68 0.84 0.11 0.92 0.8 0.77 0.52 0.78 0.43 0.81 0.27 0.5 0.58 0.61 0.74 0.19 0.35 0.05 0.87 0.31 0.13 0.77 0.92 0.35 0.93 0.48 0.11 0.8 0.61 0.7 0.98 0.21 0.11 0.09 0.77 0.06 0.79 0.46 0.12 0.15 0.99 0.89 0.64 0.14 0.52 0.07 0.09 0.5 0.44 0.91 0.26 0.59 0.47 0.62 0.57 0.14 0.9 0.74 0.12 0.41 0.93 0.21 0.6 0.69 0.43 0.98 0.48 0.83 0.67 0.27 0.46 0.27 0.03 0.38 0.9 0.51 0.04 0.06 0.78 0.39 0.48 0.07 0.8 0.3 0.8 0.6 0.25 0.64 0.84 0.93 0.34 0.12 0.27 0.74 0.38 0.81 0.77 0.06 0.7 0.33 0.92 0.84 0.54 0.23 0.98 0.67 0.33 0.68 0.18 0.14 0.83 0.05 0.13 0.19 0.58 0.98 0.67 0.52 0.57 0.08 0.56 0.78 0.93 0.88 0.14 0.15 0.72 0.59 0.6 0.22 0.5 0.08 0.91 0.2 0.01 0.19 0.59 0.64 0.98 0.48 0.25 0.35 0.87 0.76 0.05 0.0 0.28 0.7 0.69 0.78 0.34 0.96 0.45 0.58 0.33 0.34 0.2 0.23 0.28 0.36 0.13 0.5 0.64 0.37 0.86 0.61 0.51 0.53 0.83 0.08 0.38
0.55 0.55 0.78 0.2 0.25 0.57 0.58 0.33 0.29 0.06 0.88 0.95 0.3 1.0 0.14 0.0 0.47 0.6 0.61 0.97 0.69 0.5 0.9 0.27 0.48 0.91 0.22 0.33 0.11 0.41 0.25 0.41 0.82 0.39 0.28 0.16 0.95 0.69 0.49 0.04 0.04 0.33 0.8 0.2 0.92 0.47 0.19 0.45 0.03 0.22 0.94 0.33 0.74 0.92 0.92 0.81 0.4 0.89 0.44 0.26 0.46 0.65 0.15 0.63 0.37 0.64 0.71 0.33 0.17 0.48 0.59 0.34 0.47 0.29 0.27 0.11 0.46 0.67 0.9 0.33 0.78 0.58 0.28 0.05 0.29 0.35 0.13 0.34 0.09 0.87 0.37 0.38 0.62 0.76 0.36 0.35 0.57 0.13 0.39 0.56 1.0 0.95 0.03 0.05 0.59 0.28 0.57 0.96 0.05 0.13 0.09 0.34 0.18 0.68 0.05 0.9 0.83 0.15 0.91 0.53 0.82 0.03 0.81 0.61 0.49 0.39 0.56 0.7 0.75 0.0 0.74 0.06 0.11 0.43 0.7 0.74 0.8 0.38 0.84 0.79 0.72 0.17 0.89 0.59 0.88 0.3 0.64 0.18 0.23 0.18 0.44 0.04 0.95 0.11 0.67 0.65 0.6 0.43 0.72 0.44 0.82 0.62 0.91 0.71 0.66 0.43 0.67 0.19 0.7 0.02 0.56 0.6 0.83 0.35 0.96 0.17 0.23 0.19 0.05 0.86 0.93 0.21 0.29 0.17 0.8 0.19 0.76 0.25 0.88 0.91 0.41 0.37 0.39 0.87 0.8 0.98 0.57 0.76 0.95 0.87
0.96 0.91 0.56 0.83 0.65 0.93 0.7 0.93 0.54 0.83 0.59 0.2 0.85 0.3 0.27 0.37 0.76 0.27 0.98 0.93 0.02 0.8 0.17 0.35 0.21 0.95 0.94 0.87 0.87 0.74 0.7 0.27 0.23 0.22 0.12 0.05 0.76 0.08 0.77 0.63 0.58 0.06 0.01 0.18 0.48 0.99 0.15 0.7 0.67 0.15 0.47 0.03 0.52 0.07 0.39 0.41 0.45 0.93 0.78 0.01 0.33 0.24 0.91 0.35 0.97 0.35 0.85 0.74 0.47 0.32 0.03 0.08 0.82 0.84 0.7 0.52 0.75 0.3 0.83 0.82 0.69 0.55 0.83 0.77 0.18 0.88 0.22 0.22 0.32 0.01 0.57 0.75 0.33 0.02 0.66 0.63 0.4 0.49 0.95 0.85 0.92 0.43 0.95 0.34 0.51 0.12 0.76 0.44 0.65 0.93 0.29 0.6 0.81 0.28 0.61 0.95 0.66 0.6 0.28 0.95 0.19 0.68 0.61 0.27 0.81 0.39 0.72 0.22 0.35 0.04 0.02 0.31 0.65 0.56 0.14 0.08 0.53 0.18 0.89 0.33 0.91 0.54 0.06 0.02 0.01 0.79 1.0 0.39 0.7 0.47 0.3 0.94 0.58 0.1 0.59 0.83 0.06 0.87 0.17 0.83 0.59 0.18 0.21 0.53 0.44 0.78 0.91 0.63 0.03 0.16 0.49 0.18 0.71 0.15 0.91 0.69 0.94 0.07 0.12 0.66 0.49 0.44 0.03 0.26 0.69 0.92 0.77 0.72 0.68 0.24 0.65 0.5 0.7 0.12 0.81 0.6 0.8 0.3 0.41 0.98
0.48 0.88 0.15 0.44 0.27 0.97 0.86 0.75 0.68 0.85 0.82 0.54 0.91 0.57 0.2 0.06 0.41 0.52 0.75 0.15 0.68 0.5 0.69 0.42 0.45 0.55 0.83 0.32 0.57 0.74 0.09 0.8 0.73 0.39 0.88 0.06 0.33 0.9 0.84 0.78 0.11 0.28 0.22 0.36 0.19 0.41 0.36 0.11 0.63 0.49 0.92 0.35 0.19 0.06 0.21 0.12 0.11 0.55 0.17 0.03 0.01 0.67 0.98 0.56 0.34 0.33 0.31 0.96 0.67 0.84 0.15 0.34 0.25 0.29 0.47 0.91 0.11 0.18 0.82 0.1 0.46 0.89 0.95 0.51 0.71 0.02 0.27 0.91 0.75 0.22 0.28 0.34 0.42 0.05 0.97 0.89 0.63 0.42 0.69 0.62 0.54 0.49 0.41 0.96 0.92 0.25 0.56 0.9 0.08 0.53 0.51 0.25 0.08 0.34 0.03 0.44 0.84 0.35 0.75 0.92 0.6 0.93 0.89 0.11 0.49 0.82 0.8 0.48 0.3 0.7 0.75 0.6 0.08 0.57 0.61 0.83 0.03 0.94 0.91 0.65 0.45 0.49 0.08 0.57 0.11 0.7 0.93 0.87 0.03 0.66 0.94 0.91 0.8 0.46 0.89 0.99 0.56 0.31 0.67 0.55 0.77 0.43 0.68 0.62 0.18 0.33 0.56 0.24 0.88 0.85 0.04 0.36 0.68 0.2 0.18 0.15 0.16 0.9 0.1 0.03 0.69 0.5 0.72 0.91 0.68 0.86 0.86 0.57 0.0 0.88 0.32 0.11 0.16 0.12 0.96 0.92 0.59 0.04 0.05 0.0
0.58 0.31 0.78 0.54 0.88 0.08 0.37 0.3 0.95 0.02 0.14 0.49 0.95 0.82 0.18 0.61 0.74 0.85 0.96 0.47 0.19 0.64 0.42 0.46 0.37 0.19 0.26 0.66 0.73 0.2 0.06 0.28 0.94 0.98 0.89 0.18 0.52 0.44 0.07 0.71 0.27 0.64 0.68 0.85 0.95 0.02 0.31 0.6 0.43 0.62 0.0 0.79 0.86 0.73 0.68 0.64 0.27 0.17 0.58 0.43 0.42 0.34 0.4 0.32 0.62 0.57 0.22 0.96 0.05 0.96 0.16 0.92 0.55 0.75 0.04 0.8 0.5 0.78 0.83 0.53 0.32 0.7 0.91 1.0 0.62 0.44 0.86 0.38 0.8 0.3 0.89 0.69 0.88 0.76 0.14 0.02 0.08 0.06 0.44 0.44 0.85 0.24 0.08 0.24 0.16 0.0 0.56 0.67 0.63 0.68 0.76 0.6 0.53 0.79 0.93 0.6 0.66 0.85 0.26 0.93 0.16 0.17 0.53 0.17 0.13 0.9 0.05 0.01 0.76 0.03 0.85 0.95 0.26 0.7 0.23 0.95 0.39 0.17 0.94 0.1 0.15 0.53 0.96 0.03 0.13 0.6 0.35 0.87 0.76 0.5 0.16 0.86 0.44 0.94 0.19 0.99 0.06 0.19 0.28 0.66 0.9 0.36 0.3 0.07 0.78 0.76 0.42 0.86 0.83 0.39 0.15 0.33 0.31 0.28 0.01 0.52 0.19 0.43 0.34 0.77 0.05 0.04 0.01 0.57 0.7 0.51 0.49 0.4 0.1 0.03 0.49 0.21 0.39 0.87 0.34 0.76 0.67 0.43 0.69 0.6
0.14 0.94 0.4 0.77 0.84 0.11 0.64 0.61 0.16 0.25 0.07 0.2 0.64 0.78 0.63 0.67 0.12 0.08 0.12 0.58 0.09 0.19 0.26 0.64 0.45 0.33 0.69 0.53 0.28 0.83 0.91 0.0 0.52 0.55 0.56 0.5 0.93 0.09 0.59 0.13 0.32 0.46 0.63 0.37 0.68 0.01 0.16 0.26 0.08 0.8 0.3 0.33 0.02 0.31 0.01 0.3 0.9 0.99 0.19 0.96 0.93 0.19 0.8 0.82 0.11 0.76 0.89 0.65 0.21 1.0 0.5 0.5 0.83 0.94 0.82 0.69 0.43 0.59 0.89 0.98 0.29 0.93 0.61 0.69 0.06 0.17 0.22 0.68 0.6 0.5 0.63 0.06 0.92 0.87 0.67 0.24 0.46 0.34 0.79 0.56 0.66 0.8 0.09 0.2 0.37 0.42 0.56 0.96 0.17 0.18 0.63 0.16 0.53 0.3 0.38 0.39 0.89 0.21 0.02 0.25 0.04 0.26 0.79 0.8 0.38 0.19 0.23 0.41 0.61 0.05 0.59 0.98 0.36 0.33 0.41 0.11 0.73 0.05 0.05 0.32 0.62 0.29 0.51 0.22 0.21 0.29 0.48 0.8 0.79 0.01 0.51 0.58 0.49 0.48 0.6 0.24 0.72 0.34 0.97 0.56 0.22 0.98 0.74 0.57 0.24 0.19 0.53 0.22 0.06 0.45 0.79 0.96 0.15 0.69 0.6 0.89 0.72 0.4 0.75 0.8 0.78 0.59 0.24 0.52 0.35 0.98 0.02 0.65 0.49 0.18 0.51 0.85 0.27 0.97 0.59 0.91 0.97 0.48 0.83 0.86
0.34 0.56 0.16 0.22 0.48 0.65 0.21 0.66 0.39 0.59 0.86 0.62 0.65 0.52 0.32 0.4 0.57 0.36 0.93 0.33 0.41 0.51 0.56 0.48 0.84 0.11 0.47 0.46 0.62 0.69 0.78 0.15 0.85 0.63 0.9 0.24 0.42 0.78 0.57 0.21 0.22 0.73 0.76 0.8 0.57 0.56 0.22 0.78 0.91 0.61 0.75 0.56 0.51 0.34 0.86 0.64 0.69 0.78 0.83 0.38 0.39 0.7 0.93 0.47 0.13 0.61 0.52 0.97 0.1 0.73 0.85 0.63 0.22 0.96 0.45 0.34 0.52 0.52 0.77 0.83 0.84 0.53 0.8 0.11 0.91 0.93 0.55 0.42 0.75 0.15 0.27 0.23 0.18 0.13 0.49 0.35 0.58 0.69 0.83 0.63 0.71 0.24 0.95 0.22 0.91 0.17 0.43 0.36 0.17 0.94 0.78 0.42 0.72 0.6 0.89 0.76 0.87 0.26 0.86 0.3 0.92 0.98 0.59 0.26 0.31 0.77 0.75 0.94 0.85 0.5 0.54 0.6 0.66 0.57 0.17 0.16 0.55 0.95 0.98 0.76 0.96 0.15 0.95 0.97 0.15 0.36 0.34 0.21 0.44 0.81 0.82 0.8 0.4 0.8 0.89 0.53 0.71 0.13 0.55 0.93 0.38 0.84 0.48 0.72 0.49 0.26 0.9 0.37 0.85 0.45 0.36 0.16 0.2 0.83 0.78 0.17 0.57 0.71 0.47 0.16 0.77 0.28 0.21 0.21 0.59 0.74 0.61 0.46 0.72 0.65 0.37 0.74 0.51 0.47 0.71 0.23 0.14 0.8 0.99 0.9
0.73 0.22 0.47 0.78 0.85 0.25 0.22 0.54 0.96 0.55 0.91 0.13 0.1 0.95 0.55 0.95 0.89 0.8 0.57 0.61 0.9 0.99 0.19 0.73 0.45 0.24 0.72 0.88 0.9 0.51 0.48 0.36 0.63 0.99 0.76 0.29 1.0 0.37 0.78 0.77 0.64 0.5 0.6 0.94 0.3 0.78 0.57 0.57 0.6 0.43 0.3 0.32 0.63 0.51 0.38 0.42 0.28 0.33 0.63 0.85 0.95 0.75 0.72 0.7 0.87 0.25 0.87 0.62 0.98 0.64 0.82 0.6 0.66 0.91 0.68 0.72 0.62 0.19 0.98 0.13 0.55 0.66 0.86 0.68 0.64 0.76 0.75 0.51 0.67 0.16 0.76 0.27 0.12 0.58 0.42 0.9 0.12 0.18 0.58 0.67 0.4 0.53 0.69 0.51 0.26 0.57 0.92 0.39 0.97 0.43 0.39 0.89 0.59 0.2 0.73 0.82 0.15 0.2 0.11 0.58 0.71 0.2 0.63 0.7 0.4 0.36 0.78 0.45 0.73 0.91 0.16 0.1 0.55 0.6 0.56 0.26 0.29 0.48 0.2 0.77 0.54 0.9 0.92 0.99 0.53 0.65 0.8 0.59 0.3 0.45 0.46 0.43 0.34 0.93 0.15 0.3 0.54 0.54 0.64 0.36 0.83 0.28 0.16 0.76 0.63 0.72 0.94 0.38 0.19 0.71 0.98 0.84 0.4 0.74 0.87 0.76 0.62 0.33 0.92 0.85 0.43 0.88 0.45 0.62 0.35 0.55 0.9 0.96 0.58 0.16 0.72 0.73 0.19 0.76 0.28 0.72 0.41 0.23 0.3 0.44
0.41 0.18 0.28 0.58 0.19 0.3 0.74 0.88 0.29 0.86 0.21 0.82 0.16 0.52 0.2 0.35 0.25 0.63 0.26 0.22 0.43 0.58 0.72 0.96 0.8 0.13 0.68 0.1 0.68 0.66 0.42 0.57 0.45 0.29 0.4 0.12 0.8 0.72 0.7 0.62 0.29 0.36 0.93 0.89 0.68 0.88 0.96 0.65 0.42 0.21 0.3 0.78 0.11 0.81 0.79 0.66 0.57 0.83 0.35 0.98 0.83 0.34 0.99 0.69 0.63 0.6 0.88 0.25 0.48 0.33 0.93 0.21 0.85 0.19 0.76 0.6 0.7 0.49 0.55 0.96 0.41 0.1 0.12 0.84 0.61 0.68 0.82 0.96 0.91 0.88 0.88 0.68 1.0 0.35 0.74 0.31 0.83 0.86 0.51 0.46 0.68 0.58 0.62 0.92 0.73 0.59 0.13 0.99 0.42 0.27 0.66 0.64 0.9 0.56 0.41 0.5 0.3 0.86 0.48 0.68 0.63 0.24 0.34 0.46 0.28 0.15 0.57 0.97 0.16 0.7 0.69 0.97 0.29 0.8 0.84 0.15 0.84 0.31 0.38 0.96 0.44 0.15 0.67 0.61 0.8 0.59 0.83 0.1 0.77 0.32 0.86 0.28 0.74 0.59 0.4 0.7 0.78 0.76 0.37 0.57 0.82 0.81 0.67 0.33 0.85 0.48 0.88 0.62 0.94 0.82 0.37 0.77 0.36 0.22 0.84 0.78 0.18 0.59 0.25 0.42 0.83 0.98 0.9 0.17 0.21 0.86 0.34 0.42 0.54 0.17 0.14 0.56 0.85 0.99 0.88 0.83 0.49 0.14 0.45 0.71
0.14 0.85 0.65 0.1 0.92 0.33 0.81 0.35 0.69 0.98 0.21 0.24 0.58 0.85 0.12 0.49 0.49 0.86 0.91 0.58 0.51 0.96 0.39 0.78 0.53 0.98 0.8 0.85 0.8 0.32 0.48 0.59 0.56 0.19 0.34 0.19 0.52 0.8 0.51 0.49 0.76 0.8 0.51 0.19 0.26 0.14 0.28 0.55 0.95 0.35 0.49 0.78 0.29 0.6 0.13 0.18 0.67 0.86 0.8 0.18 0.6 0.95 0.58 0.46 0.13 0.17 0.33 0.77 0.65 0.73 0.47 0.64 0.7 0.25 0.18 0.32 0.78 0.44 0.6 0.86 0.57 0.63 0.28 0.84 0.63 0.32 0.6 0.53 0.28 0.65 0.53 0.55 0.29 0.26 0.76 0.11 0.94 0.41 0.52 0.18 0.95 0.66 0.54 0.54 0.58 0.89 0.93 0.95 0.38 0.69 0.59 0.42 0.38 0.89 0.15 0.17 0.64 0.43 0.61 0.11 0.53 0.57 0.22 0.83 0.18 0.57 0.19 0.42 0.61 0.48 0.26 0.63 0.35 0.15 0.85 0.75 0.95 0.21 0.96 0.4 0.17 0.71 0.97 0.91 0.31 0.92 0.69 0.3 0.72 0.84 0.8 0.69 0.77 0.49 0.9 0.8 0.97 0.94 0.95 0.55 0.89 0.14 0.75 0.98 0.72 0.65 0.59 0.56 0.32 0.72 0.22 0.71 0.55 0.7 0.57 0.53 0.3 0.76 0.21 0.75 0.73 0.29 0.98 0.25 0.16 0.7 0.39 0.53 0.98 0.88 0.54 0.41 0.22 0.12 0.4 0.74 0.31 0.28 0.48 0.45
0.3 0.42 0.39 0.29 0.17 0.75 0.23 0.87 0.23 0.36 0.51 0.48 0.55 0.94 0.72 0.53 0.53 0.89 0.61 0.66 0.26 0.58 0.16 0.61 0.24 0.93 0.67 0.63 0.4 0.58 0.87 0.65 0.73 0.58 0.19 0.83 0.88 0.26 0.35 0.24 0.44 0.23 0.66 0.73 0.98 0.46 0.15 0.13 0.11 0.14 0.23 0.67 0.7 0.11 0.74 0.77 0.94 0.95 0.23 0.61 0.35 0.66 0.41 0.27 0.71 0.93 0.68 0.27 0.42 0.63 0.86 0.37 0.69 1.0 0.86 0.74 1.0 0.74 0.72 0.62 0.36 0.56 0.59 0.93 0.62 0.91 0.76 0.7 0.79 0.87 0.38 0.12 0.11 0.84 0.54 0.71 0.5 0.37 0.14 0.98 0.1 0.54 0.81 0.59 0.43 0.6 0.21 0.57 0.17 0.62 0.41 0.74 0.18 0.52 0.13 0.46 0.33 0.49 0.98 0.49 0.86 0.4 0.98 0.62 0.35 0.46 0.97 0.73 0.2 0.44 0.95 0.14 0.11 0.98 0.46 0.37 0.53 0.23 0.95 0.76 0.89 0.16 0.19 0.42 0.97 0.51 0.53 0.63 0.64 0.87 0.73 0.65 0.34 0.42 0.42 0.57 0.73 0.79 0.77 0.95 0.8 0.8 0.72 0.5 0.24 0.46 0.52 0.19 0.14 0.9 0.75 0.45 0.36 0.16 0.86 0.91 0.67 0.81 0.41 0.21 0.58 0.15 0.66 0.21 0.8 0.83 0.33 0.29 0.53 0.67 0.4 0.41 0.25 0.9 0.49 0.35 0.27 0.41 0.58 0.94
0.58 0.89 0.41 0.6 0.93 0.25 0.62 0.5 0.92 0.64 0.55 0.9 0.8 0.83 0.92 0.25 0.55 0.65 0.23 0.58 0.81 0.8 0.73 0.11 0.67 0.46 0.63 0.36 0.87 0.45 0.29 0.65 0.66 0.12 0.7 0.81 0.1 0.34 0.76 0.42 0.43 0.88 0.48 0.61 0.53 0.99 0.73 0.4 0.6 0.43 0.6 0.1 0.2 0.8 0.15 0.32 0.85 0.75 0.68 0.59 0.74 0.18 0.18 0.49 0.64 0.88 0.65 0.19 0.79 0.7 0.45 0.74 0.91 0.95 0.55 0.56 0.66 0.57 0.93 0.63 0.15 0.78 1.0 0.86 0.57 0.52 0.79 0.42 0.8 0.68 0.43 0.79 0.66 0.57 0.34 0.15 0.32 0.37 0.42 1.0 0.89 0.51 0.97 0.98 0.83 0.94 0.15 0.54 0.59 0.48 0.4 0.65 0.73 0.33 0.54 0.52 0.77 0.53 0.31 0.92 0.57 0.32 0.3 0.43 0.17 0.39 0.43 0.79 0.82 0.99 0.71 0.78 0.6 0.57 0.18 0.85 0.84 0.56 0.85 0.23 0.55 0.47 0.11 0.45 0.49 0.3 0.65 0.5 0.46 1.0 0.24 0.12 0.51 0.38 0.93 0.95 0.51 0.83 0.17 0.99 0.76 0.72 0.11 0.64 0.8 0.2 0.9 0.96 0.12 0.9 0.94 0.58 0.15 0.53 0.38 0.78 0.91 0.21 0.43 0.99 0.75 0.92 0.73 0.86 0.75 0.3 0.41 0.67 0.37 0.24 0.86 0.74 0.56 0.22 0.28 0.38 0.49 0.53 0.39 0.79
0.27 0.1 0.88 0.72 0.65 0.81 0.39 0.15 0.85 0.51 0.64 0.39 0.73 0.75 0.29 0.87 0.26 0.69 0.69 0.89 0.96 0.54 0.71 0.86 0.94 0.85 0.4 0.96 0.31 0.69 0.1 0.97 0.69 0.2 0.1 0.28 0.8 0.36 0.57 0.11 0.45 0.11 0.61 0.63 0.58 0.57 0.15 0.1 0.77 0.18 0.16 0.34 0.34 0.87 0.35 0.33 0.44 0.59 0.86 0.78 0.12 0.44 0.28 0.35 0.28 0.16 0.68 0.63 0.52 0.8 0.98 0.67 0.4 0.7 0.24 0.23 0.34 0.3 0.85 0.68 0.53 0.82 0.28 0.35 0.63 0.87 0.8 0.87 0.21 0.27 0.95 0.99 0.35 0.46 0.85 0.78 0.9 0.81 0.52 0.19 0.18 0.84 0.36 0.54 0.9 0.36 0.65 0.74 0.53 0.28 0.58 0.12 0.88 0.52 0.34 0.17 0.3 0.2 0.93 0.63 0.78 0.83 0.9 0.84 0.16 0.16 0.33 0.11 0.55 0.24 0.89 0.4 0.79 0.85 0.58 0.97 0.38 0.77 0.95 0.44 0.78 0.96 0.69 0.95 0.99 0.64 0.11 0.86 0.72 0.79 0.82 0.65 0.84 0.74 0.49 0.7 0.5 0.56 0.57 0.19 0.56 0.22 0.15 0.57 0.82 0.49 0.33 0.25 0.57 0.75 0.87 0.68 0.52 0.13 0.11 0.3 0.59 0.93 0.76 0.75 0.83 0.5 0.87 0.5 0.8 0.33 0.76 0.72 0.34 0.56 0.55 0.36 0.72 0.4 0.75 0.65 0.71 0.63 0.16 0.18
0.89 0.32 0.48 0.46 0.97 0.7 0.87 0.81 0.79 0.42 0.52 0.7 0.66 0.56 0.87 0.33 0.68 0.74 0.51 0.92 0.42 0.43 0.63 0.73 0.35 0.23 0.25 0.54 0.79 0.61 0.61 0.85 0.91 0.88 0.97 0.9 0.34 0.82 0.99 0.56 0.67 0.63 0.77 0.58 0.59 0.33 0.82 0.35 0.35 0.28 0.35 0.13 0.57 0.63 0.82 0.45 0.84 0.2 0.15 0.12 0.43 0.61 0.66 0.39 0.53 0.67 0.46 0.23 0.31 0.38 0.2 0.58 0.37 0.75 0.6 0.76 0.24 0.78 0.26 0.97 0.45 0.27 0.4 0.78 0.24 0.54 0.7 0.12 0.72 0.84 0.92 0.56 0.65 0.16 0.33 0.42 0.79 0.71 0.38 0.7 0.71 0.84 0.36 0.79 0.5 0.35 0.29 0.95 0.12 0.48 0.3 0.51 0.61 0.77 0.72 0.42 0.64 0.59 0.67 0.15 0.9 0.93 0.18 0.64 0.3 0.72 0.62 0.33 0.36 0.77 0.57 0.73 0.48 0.52 0.29 0.61 0.29 0.59 0.62 0.3 0.27 0.42 0.2 0.12 0.8 0.35 0.14 0.98 0.56 0.39 0.59 0.32 0.77 0.44 0.63 0.92 0.26 0.25 0.95 0.14 0.82 0.47 0.42 0.73 0.31 0.67 0.67 0.92 0.97 0.6 0.59 0.45 0.39 0.93 0.55 0.1 0.81 0.23 0.41 0.48 0.69 0.57 0.39 0.61 0.17 0.44 0.54 0.82 0.61 0.49 0.44 0.22 0.24 0.93 0.37 0.1 0.17 0.53 0.39 0.83
0.79 0.77 0.71 1.0 0.37 0.72 0.17 0.78 0.8 0.28 0.28 0.46 0.78 0.13 0.15 0.83 0.67 0.5 0.73 0.83 0.38 0.26 0.6 0.63 0.92 0.63 0.65 0.94 0.32 0.32 0.47 0.46 0.23 0.71 0.98 0.87 0.26 0.86 0.2 0.52 0.93 0.25 0.58 0.51 0.4 0.88 0.93 0.81 0.17 0.57 0.43 0.77 0.32 0.36 0.7 0.87 0.21 0.81 0.59 0.79 0.17 0.81 0.1 0.65 0.36 0.83 0.44 0.73 0.32 0.33 0.18 0.88 0.73 0.63 0.81 0.61 0.84 0.85 0.4 0.75 0.44 0.31 0.94 0.44 0.44 0.97 0.95 0.45 0.88 0.17 0.38 0.8 0.22 0.69 0.89 0.65 0.19 0.55 0.77 0.52 0.59 0.16 0.77 0.33 0.39 0.88 0.81 0.76 0.4 0.96 0.14 0.34 0.52 0.67 0.78 0.63 0.27 0.93 0.54 0.4 0.79 0.32 0.88 0.95 0.8 0.86 0.34 0.79 0.93 0.27 0.64 0.71 1.0 0.55 0.61 0.58 0.4 0.44 0.16 0.8 0.39 0.45 0.97 0.29 0.37 0.52 0.64 0.7 0.77 0.17 0.1 0.28 0.69 0.23 0.91 0.29 0.62 0.94 0.37 0.33 0.18 0.3 0.75 0.27 0.27 0.9 0.64 0.4 0.42 0.37 0.66 0.46 0.52 0.16 0.63 0.1 0.74 0.85 0.99 0.42 0.38 0.17 0.53 0.91 0.74 0.6 0.34 0.94 0.8 0.16 0.88 0.27 0.9 0.4 0.15 0.16 0.16 0.6 0.74 0.73
0.85 0.65 0.35 0.45 0.77 0.6 0.5 0.33 0.12 0.3 0.57 0.7 0.24 0.44 0.24 0.72 0.97 0.71 0.5 0.96 0.25 0.8 0.53 0.89 0.88 0.87 0.3 0.59 0.14 0.16 0.99 0.31 0.36 0.98 0.86 0.36 0.37 0.45 0.72 0.47 0.48 0.29 0.12 0.35 0.27 0.3 0.13 0.93 0.76 0.12 0.98 0.98 0.96 0.28 0.55 0.79 0.48 0.84 0.36 0.5 1.0 0.89 0.51 0.85 0.89 0.93 0.22 0.25 0.54 0.92 0.99 0.41 0.32 0.65 0.78 0.36 0.42 0.17 0.36 0.16 0.81 0.17 0.99 0.27 0.89 0.51 0.71 0.51 0.82 0.1 0.18 0.88 0.13 0.83 0.32 0.17 0.84 0.5 0.71 0.27 0.84 0.53 0.31 0.3 0.51 0.39 0.21 0.76 0.53 0.52 0.23 0.73 0.34 0.66 0.56 0.33 0.99 0.7 0.95 0.8 0.69 0.56 0.68 0.19 0.17 0.62 0.77 0.44 0.4 0.36 0.18 0.4 0.91 0.65 0.95 0.45 0.59 0.2 0.1 0.32 0.73 0.33 0.79 0.84 0.31 0.86 0.9 0.76 0.53 0.26 0.33 0.54 0.59 0.48 0.89 0.3 0.11 0.66 0.82 0.67 0.35 0.18 0.95 0.65 0.34 0.89 0.42 0.57 0.38 0.96 0.6 0.94 0.96 0.28 0.55 0.5 0.47 0.49 0.99 0.4 0.31 0.65 0.75 0.88 0.14 1.0 0.28 0.33 0.75 0.37 0.14 0.8 0.3 0.37 0.17 0.46 0.66 0.2 0.47 0.29
