200 20 2 3 4908
122.16 118.76 118.88 119.0 118.88 124.52 124.88 119.2 123.36 126.16 120.36 121.92 117.88 118.44 122.32 120.48 117.32 126.56 116.76 125.36
6 17 12 24 19 9 8 22 8 15 21 17 7 13 20 25 10 10 20 7 16 6 17 16 9 18 17 19 14 12 24 22 19 23 20 11 16 20 18 13 5 20 13 9 20 21 10 17 8 16 16 22 6 9 24 13 19 16 23 25 7 21 6 8 9 9 23 9 17 21 20 14 7 15 25 16 25 17 21 14 15 24 20 22 24 18 16 7 23 12 18 10 7 23 9 16 6 7 21 24 22 22 13 24 7 20 9 7 20 23 12 5 14 21 18 19 15 11 22 8 5 12 18 9 5 18 10 6 25 13 12 19 24 5 9 16 24 7 8 5 19 20 14 6 12 14 24 23 19 18 5 8 23 11 10 12 7 22 17 13 13 25 21 15 10 6 22 22 5 15 14 16 10 15 23 12 20 17 21 22 12 20 22 20 21 17 13 22 13 20 7 8 15 6 18 20 6 25 14 14
19 25 21 11 25 12 19 20 24 23 25 23 9 8 8 14 20 8 13 24 6 9 15 25 8 6 10 10 15 10 21 24 22 18 14 13 25 7 6 15 14 7 18 8 9 5 9 22 14 16 9 9 17 15 18 12 12 10 10 15 12 18 16 5 19 20 7 20 13 14 20 14 22 21 16 9 24 16 23 20 19 22 15 16 6 20 17 10 25 23 7 18 18 16 9 24 8 23 22 17 22 6 19 22 11 20 17 10 16 7 7 7 22 24 12 20 8 14 11 8 10 23 22 18 14 5 22 22 14 16 23 15 16 7 17 12 23 21 21 14 25 5 21 13 5 23 23 6 21 8 22 5 15 11 10 11 6 16 18 24 23 6 23 5 15 13 24 15 10 18 13 5 7 10 16 9 14 7 10 23 9 9 10 7 16 12 10 14 19 11 11 16 16 7 14 17 16 11 7 22
17 23 23 23 18 20 15 6 11 7 13 25 24 12 8 15 25 25 16 6 12 13 12 20 18 11 9 6 16 22 9 12 19 19 21 7 21 14 13 23 13 10 8 22 7 23 20 9 10 16 20 21 16 22 6 20 25 15 13 13 25 10 19 7 8 16 14 18 6 20 24 15 14 20 8 24 22 7 22 5 24 9 7 9 13 8 24 15 12 23 24 19 17 21 19 17 6 19 10 19 18 11 21 13 10 24 12 18 18 7 23 21 6 14 18 7 12 5 9 15 18 10 8 7 19 21 9 10 9 20 24 19 16 10 25 10 8 9 15 15 8 18 18 12 24 12 15 6 9 22 6 20 18 25 12 25 9 18 6 22 7 18 17 20 19 17 7 8 5 20 15 13 16 13 15 11 11 17 5 25 18 23 5 12 12 17 11 11 13 10 13 6 21 12 13 14 11 16 13 16
5 6 20 6 14 22 5 11 20 13 6 15 17 10 20 22 8 24 19 11 21 17 6 8 13 25 9 8 9 21 15 20 19 23 6 11 14 22 11 15 21 10 24 5 9 17 19 20 12 18 15 25 5 25 9 6 22 8 12 7 12 14 24 24 22 13 22 7 21 8 14 19 21 10 17 9 8 10 19 21 16 11 17 25 12 25 13 12 14 5 18 24 25 22 9 12 10 24 10 11 10 21 11 25 5 7 22 24 5 8 5 19 5 21 14 24 15 20 24 20 19 19 7 6 17 5 19 25 23 22 15 13 23 6 12 10 14 15 21 16 12 11 16 8 25 8 11 17 23 20 18 8 20 14 17 22 12 11 22 14 20 8 6 17 25 9 6 9 5 24 10 13 25 11 16 19 23 10 15 11 5 6 19 25 10 12 8 23 19 19 10 20 20 6 8 25 9 20 9 13
18 25 23 17 7 23 10 24 20 10 20 7 22 6 24 5 16 14 10 8 23 21 5 15 23 17 22 11 21 8 7 22 9 6 11 8 11 19 5 10 24 25 23 18 24 21 17 24 21 17 17 12 9 19 10 21 9 6 19 14 24 6 25 6 17 12 12 16 10 5 18 20 6 21 17 11 15 20 10 7 10 19 11 20 6 11 10 19 11 15 23 12 8 20 5 17 21 10 22 21 9 8 14 20 5 6 10 7 11 15 19 9 8 23 11 5 11 18 24 22 24 7 7 23 5 16 11 25 10 11 17 15 14 13 18 25 11 10 8 16 11 19 11 22 20 25 25 6 18 5 14 21 19 11 22 21 18 7 5 12 22 20 23 13 9 18 18 6 9 18 5 24 20 12 22 15 11 17 18 17 7 13 10 5 25 14 25 21 11 14 18 17 15 19 15 10 25 16 6 14
7 22 8 6 19 10 15 25 17 18 22 6 23 5 19 25 25 14 8 9 6 10 13 19 14 21 12 25 24 13 11 11 16 5 20 16 8 6 15 14 25 23 7 9 15 14 12 8 7 18 16 14 19 5 19 15 22 23 18 14 17 24 13 17 13 13 24 23 9 10 13 21 7 13 6 9 11 19 16 8 13 19 20 14 12 17 21 18 8 15 19 22 9 9 24 22 21 24 13 12 22 22 6 23 23 25 21 25 19 23 17 20 18 21 7 25 20 22 18 21 21 15 8 15 22 10 11 17 10 12 7 8 14 7 8 9 22 15 20 9 12 21 15 20 16 5 19 14 14 21 25 17 9 8 22 10 17 19 18 24 18 22 18 6 12 25 20 18 15 17 8 9 5 20 23 14 12 5 14 8 8 25 19 17 13 15 6 12 25 24 11 16 25 23 8 12 7 25 25 21
5 7 11 9 6 23 17 13 23 13 13 16 18 20 11 20 25 15 7 12 7 5 22 24 16 17 22 9 11 10 25 13 8 9 21 19 25 7 14 20 15 20 5 8 6 16 20 24 6 25 23 8 16 22 13 14 24 5 22 10 19 9 13 15 22 21 11 12 24 17 12 15 9 24 23 19 12 20 15 17 18 23 10 24 7 9 8 24 9 12 19 12 12 19 14 24 13 16 17 16 22 24 23 21 22 5 17 6 16 15 8 20 10 5 20 21 19 23 23 21 24 7 5 12 14 22 13 18 20 25 9 24 13 10 7 11 17 14 16 22 20 15 25 22 22 7 10 25 20 7 20 9 19 16 21 18 14 9 23 13 21 23 8 20 13 21 23 24 6 25 5 11 14 12 18 25 8 12 19 13 8 23 20 19 13 22 19 14 13 24 16 15 8 7 24 13 5 13 9 12
10 14 8 23 9 6 21 18 13 23 21 12 14 13 20 5 19 19 23 11 12 25 10 8 25 11 8 5 18 23 13 7 8 7 16 7 7 12 23 8 21 21 18 23 18 20 19 13 23 22 15 23 10 19 18 22 6 18 13 20 13 6 7 10 25 13 25 20 11 19 12 13 7 12 11 17 14 16 24 22 25 15 16 18 11 6 9 15 7 10 24 11 15 21 15 6 6 23 5 16 22 22 8 6 14 13 6 22 16 11 19 16 16 14 18 18 18 13 14 23 5 22 21 6 8 22 13 14 7 16 13 25 15 9 7 21 13 17 13 14 17 8 14 13 12 12 19 24 5 19 7 11 10 22 16 12 5 15 22 25 23 13 21 23 23 22 5 18 21 19 6 10 24 7 5 13 7 13 18 10 8 22 23 21 21 16 14 16 6 18 12 18 19 9 19 16 9 13 25 8
18 15 21 25 21 23 19 7 15 5 18 25 20 20 10 24 15 10 10 7 5 16 15 13 15 24 11 18 16 18 8 6 15 9 20 6 10 19 21 10 25 17 9 19 18 22 24 22 13 10 25 16 6 16 8 24 9 22 18 8 10 22 18 7 22 20 10 11 11 12 11 6 18 24 9 23 6 17 14 19 7 20 7 21 12 6 5 20 22 9 17 23 17 21 20 13 20 14 23 16 7 9 23 16 14 14 20 9 13 22 17 10 13 19 10 25 20 25 16 18 25 7 15 8 18 12 24 11 11 14 24 22 20 12 24 7 24 13 5 25 7 18 13 21 23 25 9 23 16 6 20 11 7 9 5 5 16 14 19 23 24 14 25 15 11 23 11 19 9 12 21 9 20 16 25 24 18 11 8 5 16 16 10 11 25 16 8 10 20 21 7 24 16 23 20 6 16 10 14 7
14 16 7 7 10 17 17 20 25 16 17 23 14 25 20 17 20 17 14 15 15 21 11 25 9 21 17 15 13 12 12 16 17 17 7 17 14 15 8 25 18 7 24 23 25 8 7 17 13 15 23 25 8 24 22 15 8 10 20 22 6 22 21 17 12 13 7 14 24 10 19 18 6 15 18 13 15 15 7 24 13 20 23 20 22 12 5 11 18 12 9 11 17 6 25 22 8 21 7 15 23 21 19 5 11 21 10 25 17 21 14 23 12 14 15 18 11 13 25 9 7 7 16 23 24 23 18 15 8 6 11 25 16 25 10 18 19 5 11 23 14 13 16 13 19 10 16 21 16 16 15 20 18 20 11 21 23 23 24 22 20 6 21 8 6 14 13 14 24 8 6 20 14 24 15 20 19 6 20 12 18 21 25 20 16 21 12 9 9 18 13 19 16 14 16 5 22 6 18 13
15 16 14 23 5 23 13 10 7 10 12 5 13 6 15 10 6 9 13 19 16 11 10 13 19 21 6 25 14 13 6 15 13 12 24 14 8 7 18 22 15 20 12 6 7 24 24 17 5 18 22 20 23 9 22 6 18 23 22 25 17 24 6 7 5 11 6 5 9 11 13 9 15 6 23 15 23 13 8 20 23 25 15 17 9 15 15 21 17 24 21 25 14 23 22 18 10 6 15 16 10 11 21 16 22 16 10 7 13 5 12 24 25 22 20 17 20 7 14 11 16 13 19 12 9 18 9 23 15 18 15 17 11 8 12 5 10 8 5 19 17 23 5 16 23 17 25 8 15 10 13 20 9 18 20 9 23 9 22 6 13 18 25 20 21 7 8 14 16 21 7 19 6 17 13 25 21 20 12 25 22 22 21 20 18 25 15 7 15 7 16 21 14 16 21 20 21 9 16 16
19 14 24 15 5 9 10 13 8 25 12 6 8 6 23 8 6 24 15 17 9 21 16 11 8 10 25 20 6 25 23 24 15 17 8 21 17 19 17 18 5 13 25 25 11 9 14 16 13 8 16 16 8 9 12 17 7 7 14 16 17 11 23 16 22 11 20 6 24 20 9 23 17 14 19 10 12 19 8 14 16 8 12 24 16 18 7 16 25 22 25 9 18 22 24 22 20 6 16 20 19 22 24 6 6 19 24 5 16 7 16 7 25 15 24 22 10 24 18 17 14 9 14 11 19 20 13 7 17 22 7 25 19 11 21 12 14 21 21 10 8 18 13 8 24 5 15 20 19 23 10 6 10 16 7 8 9 20 20 23 9 21 14 11 23 22 6 9 20 5 15 22 11 19 21 21 19 20 6 10 17 21 15 8 18 20 7 6 17 22 9 9 16 19 20 18 15 16 13 24
18 16 9 6 22 18 13 12 7 6 15 15 13 23 25 15 9 24 17 7 10 25 23 8 15 18 22 17 13 21 21 19 16 5 5 9 6 15 7 15 21 6 13 19 25 15 12 21 13 6 24 9 5 19 20 16 5 19 18 14 20 7 16 9 22 6 23 15 5 16 22 20 9 23 7 22 25 16 21 6 15 9 7 19 13 5 11 21 21 21 23 8 19 8 22 17 16 17 17 19 6 13 21 5 9 12 8 16 6 6 16 5 22 20 14 13 9 5 19 24 9 10 18 7 19 6 12 22 10 19 25 6 22 8 16 14 9 10 25 5 11 9 13 11 11 25 15 8 14 18 11 25 25 12 25 25 12 17 9 8 23 13 20 9 15 21 22 9 16 14 16 9 21 9 5 14 8 20 11 25 14 24 21 14 12 23 19 21 17 20 19 10 11 5 10 8 22 9 23 22
7 20 19 23 15 25 7 12 8 22 9 10 25 6 8 8 8 19 5 17 10 17 25 14 25 14 18 15 5 25 21 13 12 12 7 23 11 20 8 8 20 15 22 23 9 15 18 13 11 19 7 16 18 17 22 11 7 15 13 14 16 11 22 23 11 9 7 25 23 6 7 15 24 21 16 21 10 14 5 11 18 20 7 22 10 6 11 6 19 14 9 23 10 10 11 13 9 13 12 23 22 15 15 10 13 13 8 17 25 23 12 13 21 18 8 12 15 20 23 17 11 13 22 22 11 22 7 17 6 5 16 14 19 8 11 19 21 7 16 23 11 24 17 9 16 17 13 14 12 6 23 20 21 20 15 15 22 21 15 5 21 9 14 13 23 18 14 18 12 19 9 14 14 6 9 8 12 13 22 6 23 19 5 22 12 21 24 11 8 25 9 7 13 18 15 24 22 11 22 6
23 15 21 6 16 10 11 10 20 18 22 11 25 10 23 12 20 12 24 25 6 8 18 24 22 12 7 7 10 12 21 12 20 19 5 16 8 21 22 8 25 8 19 12 10 9 19 14 19 12 14 25 12 21 6 14 17 17 17 8 20 18 25 6 18 10 22 5 22 8 13 22 12 22 15 9 22 5 9 8 20 19 12 15 19 21 15 15 16 22 12 25 25 14 20 5 9 20 6 18 25 25 7 10 20 17 19 12 17 6 24 17 5 16 13 8 16 17 14 16 20 7 20 19 22 19 22 7 14 21 16 6 25 21 18 12 14 24 16 8 20 23 23 5 19 18 8 13 20 14 8 21 12 19 9 18 24 5 10 8 23 24 22 24 11 21 14 10 25 9 5 9 9 5 15 7 10 20 9 21 18 19 5 6 22 16 16 11 19 9 18 20 22 17 9 14 9 13 17 24
5 17 17 13 24 9 20 16 23 14 25 9 24 11 17 15 17 19 9 8 22 17 21 13 22 5 7 16 15 19 15 13 17 12 22 19 24 10 23 9 21 20 23 6 21 25 18 6 13 14 17 19 12 5 14 5 6 25 18 16 13 5 10 15 23 21 6 21 18 18 10 19 25 20 25 7 5 24 15 6 18 22 5 6 17 7 17 9 14 16 16 20 15 21 9 22 14 14 7 24 17 22 12 7 14 25 19 11 6 5 18 10 21 7 14 13 25 11 23 18 10 7 14 17 5 15 5 9 22 19 11 20 9 20 8 21 21 11 14 16 19 19 8 14 12 7 9 12 18 11 21 10 19 6 10 7 9 22 20 19 24 24 8 11 23 17 18 15 6 16 16 14 11 25 17 21 13 20 24 9 10 24 19 13 10 7 25 5 16 20 25 22 22 16 11 5 5 8 23 14
6 8 5 10 13 18 12 7 14 9 9 7 14 13 9 12 6 23 5 16 12 14 24 15 9 11 6 21 13 13 22 13 25 15 22 17 16 23 21 23 5 25 25 25 6 11 12 8 23 18 8 12 12 17 9 20 22 22 20 22 14 6 19 18 16 25 6 12 21 15 24 17 8 24 23 5 9 13 13 11 25 14 22 16 9 12 10 16 16 24 9 16 11 25 23 17 14 16 24 13 5 25 8 18 14 15 13 7 22 19 23 9 9 16 14 7 12 19 14 24 23 12 14 20 12 14 21 10 20 23 22 12 7 19 5 8 21 16 18 5 5 10 6 18 19 20 7 15 20 9 6 8 6 11 15 5 12 10 17 25 24 22 18 11 24 18 12 8 16 22 8 22 5 22 21 21 20 5 6 16 9 18 19 25 7 10 9 13 11 19 9 13 6 16 18 17 7 14 18 11
14 16 6 11 15 5 9 10 9 13 25 21 6 25 16 19 22 24 16 22 21 25 23 9 18 13 21 21 9 23 11 18 13 21 6 14 16 5 14 25 21 24 15 25 12 8 25 21 7 5 5 22 15 17 20 21 18 10 10 6 23 14 20 13 15 17 5 18 11 17 20 12 9 17 7 25 23 15 13 16 20 17 17 19 22 8 23 25 16 12 7 21 8 22 8 16 23 22 7 24 6 7 25 12 15 15 23 20 14 25 17 23 19 10 25 5 25 22 11 7 22 19 13 13 15 24 10 13 11 6 21 14 16 24 9 24 20 6 25 24 23 11 14 10 20 6 15 25 19 11 13 8 17 14 24 19 8 9 11 24 22 17 22 17 12 25 21 6 5 24 15 25 15 18 18 18 16 12 6 9 22 16 7 11 18 25 12 14 13 25 18 6 8 16 18 6 5 24 24 13
14 17 5 9 8 11 10 7 7 11 25 12 22 12 15 11 6 8 23 14 21 22 24 15 18 18 21 9 7 10 20 15 5 22 9 5 8 7 25 8 16 13 14 10 20 9 12 10 14 14 14 7 19 22 13 14 6 16 19 14 6 23 8 14 16 14 25 20 23 18 9 24 23 23 21 14 7 20 12 13 11 25 9 22 10 17 24 21 18 20 15 15 18 5 16 6 13 14 10 6 13 5 18 5 21 17 9 14 19 13 16 12 14 20 16 11 22 11 13 8 7 10 11 20 5 25 22 12 14 25 10 11 16 18 7 10 14 5 15 17 20 17 9 24 25 17 23 24 17 13 20 19 7 16 17 23 17 10 19 10 21 11 7 11 25 13 16 8 20 8 15 15 5 15 25 17 20 7 12 6 15 17 17 17 20 14 7 25 18 5 6 21 5 5 13 10 25 22 21 21
21 18 25 20 8 23 24 6 23 11 24 21 25 7 23 14 21 10 23 5 12 9 18 9 16 22 25 21 16 10 21 13 19 21 8 25 25 18 20 17 7 23 24 8 16 15 12 20 21 23 22 25 15 5 6 12 23 22 12 5 12 16 22 18 5 20 7 14 23 14 19 22 16 6 15 5 17 23 17 10 9 14 22 23 18 20 21 16 9 11 7 16 19 17 15 22 6 17 6 22 10 14 23 5 15 5 13 12 19 24 10 25 16 24 22 6 16 25 9 24 18 24 24 16 16 15 21 21 12 13 14 11 14 15 17 13 14 18 11 25 5 15 8 25 20 11 20 22 6 22 7 20 16 23 8 8 6 21 22 20 21 9 21 17 6 15 7 21 5 12 8 8 21 13 9 23 16 11 21 23 9 7 6 16 11 20 23 12 9 18 6 21 11 12 12 19 22 15 6 14
0.0 0.96 0.1 0.4 0.93 0.26 0.54 0.01 0.29 0.72 0.04 0.24 0.88 0.5 0.56 0.4 0.06 0.41 0.82 0.95
0.96 0.0 0.7 0.81 0.38 1.0 0.77 0.75 0.17 0.24 0.77 0.98 0.84 0.89 0.79 0.82 0.42 0.5 0.17 0.96
0.1 0.7 0.0 0.36 0.6 0.52 0.03 0.18 0.12 0.68 0.55 0.23 0.35 0.46 0.58 0.01 0.57 0.01 0.75 0.46
0.4 0.81 0.36 0.0 0.69 0.8 0.59 0.4 0.79 0.66 0.86 0.31 0.9 0.18 0.87 0.65 0.56 0.68 0.63 0.41
0.93 0.38 0.6 0.69 0.0 0.71 0.54 0.75 0.74 0.41 0.01 0.75 0.35 0.34 0.44 0.91 0.5 0.94 0.84 0.23
0.26 1.0 0.52 0.8 0.71 0.0 0.03 0.92 0.51 0.02 0.8 0.64 0.89 0.35 0.42 0.11 0.3 0.47 0.79 0.57
0.54 0.77 0.03 0.59 0.54 0.03 0.0 0.68 0.46 0.44 0.89 0.37 0.23 0.98 0.22 0.41 0.97 0.82 0.7 0.32
0.01 0.75 0.18 0.4 0.75 0.92 0.68 0.0 0.23 0.91 0.74 0.23 0.65 0.91 0.07 0.19 0.04 0.03 0.18 0.97
0.29 0.17 0.12 0.79 0.74 0.51 0.46 0.23 0.0 0.1 0.34 0.12 0.39 0.59 0.38 0.52 0.99 0.44 0.81 0.53
0.72 0.24 0.68 0.66 0.41 0.02 0.44 0.91 0.1 0.0 0.86 0.2 0.97 0.54 0.13 0.18 0.67 0.72 0.65 0.14
0.04 0.77 0.55 0.86 0.01 0.8 0.89 0.74 0.34 0.86 0.0 0.08 0.37 0.37 0.31 0.11 0.28 0.28 0.68 0.14
0.24 0.98 0.23 0.31 0.75 0.64 0.37 0.23 0.12 0.2 0.08 0.0 0.77 0.42 0.89 0.42 0.01 0.07 0.53 0.92
0.88 0.84 0.35 0.9 0.35 0.89 0.23 0.65 0.39 0.97 0.37 0.77 0.0 0.93 0.46 0.96 0.26 0.61 0.17 0.31
0.5 0.89 0.46 0.18 0.34 0.35 0.98 0.91 0.59 0.54 0.37 0.42 0.93 0.0 0.96 0.05 0.99 0.9 0.17 0.42
0.56 0.79 0.58 0.87 0.44 0.42 0.22 0.07 0.38 0.13 0.31 0.89 0.46 0.96 0.0 0.38 0.57 0.71 0.92 0.78
0.4 0.82 0.01 0.65 0.91 0.11 0.41 0.19 0.52 0.18 0.11 0.42 0.96 0.05 0.38 0.0 0.31 0.85 0.35 0.03
0.06 0.42 0.57 0.56 0.5 0.3 0.97 0.04 0.99 0.67 0.28 0.01 0.26 0.99 0.57 0.31 0.0 0.53 0.62 0.54
0.41 0.5 0.01 0.68 0.94 0.47 0.82 0.03 0.44 0.72 0.28 0.07 0.61 0.9 0.71 0.85 0.53 0.0 0.94 0.12
0.82 0.17 0.75 0.63 0.84 0.79 0.7 0.18 0.81 0.65 0.68 0.53 0.17 0.17 0.92 0.35 0.62 0.94 0.0 0.71
0.95 0.96 0.46 0.41 0.23 0.57 0.32 0.97 0.53 0.14 0.14 0.92 0.31 0.42 0.78 0.03 0.54 0.12 0.71 0.0
0.39 0.34 0.31 0.47 0.59 0.59 0.31 0.53 0.36 0.46 0.33 0.46 0.32 0.51 0.43 0.34 0.32 0.32 0.46 0.39
0.47 0.8
0.51 0.25
0.36 0.97
0.52 0.18
0.45 0.74
0.28 0.75
0.32 0.82
0.22 0.59
0.55 0.44
0.86 0.4
0.25 0.65
0.58 0.59
0.35 0.32
0.21 0.83
0.68 0.76
0.84 0.35
0.62 0.92
0.92 0.23
0.12 0.87
0.54 0.81
0.38 0.07 0.98 0.52 0.65 0.67 0.6 0.18 0.59 0.9 0.82 0.97 0.19 0.72 0.06 0.49 0.67 0.31 1.0 0.71 0.99 0.92 0.89 0.4 0.94 0.49 0.18 0.05 0.22 0.77 0.13 0.41 0.58 0.65 0.22 0.47 0.48 0.89 0.71 0.56 0.49 0.77 0.34 0.05 0.39 0.22 0.98 0.24 0.58 0.14 0.99 0.26 0.01 0.85 0.73 0.17 0.14 0.28 0.71 0.57 0.21 0.87 0.56 0.85 0.27 0.68 0.38 0.19 0.17 0.68 0.12 0.59 0.32 0.44 0.83 0.54 0.04 0.05 0.47 0.73 0.77 0.9 0.35 0.54 0.55 0.02 0.36 0.25 0.21 0.59 0.76 0.91 0.3 0.8 0.08 0.76 0.77 0.55 0.15 0.12 0.29 0.42 0.78 0.87 0.52 0.08 0.97 0.75 0.94 0.89 0.86 0.1 0.33 0.31 0.35 0.92 0.27 0.83 0.72 0.93 0.66 0.15 0.11 0.32 0.09 0.9 0.03 0.32 0.9 0.46 0.98 0.37 0.65 0.6 0.11 0.65 0.93 0.97 0.28 0.39 0.67 0.93 0.29 0.23 0.67 0.43 0.49 0.82 0.41 0.37 0.13 0.46 0.04 0.45 0.17 0.2 0.23 0.18 0.09 0.88 0.78 0.9 0.54 0.04 0.28 0.15 0.58 0.1 0.47 0.9 0.34 0.08 0.7 0.92 0.95 0.42 0.9 0.29 0.18 0.49 0.89 0.44 0.51 0.93 0.95 0.91 0.72 0.54 0.51 0.97 0.34 0.75 0.39 0.02 0.25 0.29 0.21 0.11 0.97 0.98
0.65 0.85 0.98 0.08 0.37 0.08 0.97 0.42 0.3 0.73 0.78 0.55 0.17 0.95 0.75 0.2 0.81 0.31 0.14 0.4 0.87 0.71 0.33 0.09 0.85 0.27 0.28 0.56 0.78 0.98 0.81 0.38 0.98 0.82 0.97 0.56 0.03 0.5 0.92 0.09 0.96 0.96 0.63 0.16 0.33 0.89 0.04 0.35 0.86 0.41 0.03 0.91 0.27 0.77 0.99 0.14 0.65 0.07 0.03 0.22 0.37 0.61 0.62 0.01 0.67 0.43 0.58 0.47 0.87 0.39 0.35 0.11 0.47 0.0 0.54 0.21 0.67 0.37 0.39 0.28 0.98 0.53 0.75 0.49 0.61 0.68 0.56 0.3 0.07 0.7 0.85 0.38 0.06 0.83 0.69 0.28 0.03 0.37 0.9 0.9 0.44 0.21 0.6 0.33 0.53 0.4 0.46 0.35 0.33 0.7 0.06 0.85 0.41 0.6 0.18 0.33 0.63 0.12 0.78 0.09 0.06 0.58 0.7 0.75 0.42 0.05 1.0 0.43 0.53 0.24 0.14 0.24 0.63 0.71 0.22 0.92 0.09 0.27 0.38 0.91 0.44 0.85 0.26 0.2 0.62 0.98 0.79 0.04 0.96 0.76 0.87 0.77 0.78 0.61 0.23 0.51 0.26 0.59 0.75 0.7 0.18 0.93 0.26 0.59 0.05 0.95 0.4 0.07 0.21 0.04 0.38 0.34 0.03 0.68 0.4 0.79 0.18 0.45 0.7 0.52 0.3 0.35 0.42 0.21 0.22 0.35 0.96 0.99 0.17 0.87 0.28 0.28 0.18 0.28 0.67 0.35 0.8 0.45 0.05 0.23
0.92 0.78 0.97 0.76 0.14 0.35 0.75 0.01 0.07 0.25 0.97 0.24 0.12 0.17 0.07 0.79 0.89 0.79 0.57 0.18 0.21 0.58 0.78 0.74 0.33 0.75 0.23 0.77 0.99 0.27 0.58 0.64 0.48 0.44 0.35 0.02 0.37 0.2 0.65 0.81 0.94 0.76 0.27 0.17 0.45 0.97 0.66 0.19 0.13 0.77 0.26 0.53 0.66 0.18 0.95 0.98 0.21 0.09 0.32 0.19 0.66 0.68 0.39 0.14 0.79 0.72 0.07 0.22 0.01 1.0 0.51 0.16 0.57 0.59 0.48 0.53 0.51 0.16 0.42 0.87 0.87 0.76 0.09 0.5 0.04 0.58 0.86 0.05 0.12 0.61 0.42 0.03 0.27 0.38 0.91 0.07 0.41 0.14 0.43 0.59 0.54 0.8 0.21 0.81 0.31 0.29 0.38 0.73 0.27 0.38 0.14 0.72 0.02 0.61 0.11 0.27 0.82 0.85 0.04 0.7 0.41 0.37 0.44 0.08 0.4 0.81 0.45 0.09 0.84 0.43 0.02 0.28 0.2 0.67 0.57 0.9 0.07 0.55 0.58 0.68 0.2 0.04 0.85 0.61 0.68 0.65 0.72 0.11 0.56 0.56 0.46 0.97 0.32 0.3 0.68 0.02 0.78 0.63 0.56 0.23 0.47 0.27 0.78 0.2 0.58 0.44 0.65 0.6 0.91 0.38 0.4 0.58 0.41 0.22 0.12 0.95 0.32 0.54 0.75 0.79 0.44 0.98 0.03 0.31 0.06 0.52 0.88 0.88 0.22 0.71 0.06 0.99 0.64 0.06 0.12 0.86 0.69 0.07 0.24 0.69
0.67 0.16 0.48 0.41 0.38 0.7 0.35 0.1 0.24 0.7 0.18 0.87 0.56 0.59 0.35 0.45 0.92 0.75 0.24 0.01 0.15 0.05 0.47 0.16 0.7 0.55 0.73 0.87 0.21 0.75 0.04 0.1 0.19 0.26 0.56 0.59 0.87 0.69 0.75 0.45 0.67 0.04 0.04 0.9 0.31 0.23 0.79 0.3 0.69 0.05 0.13 0.78 0.83 0.1 0.17 0.9 0.56 0.66 0.38 0.57 0.51 0.1 0.82 0.23 0.8 0.99 0.09 0.4 0.44 0.76 0.32 0.73 0.9 0.54 0.98 0.78 0.29 0.63 0.11 0.81 0.33 0.49 0.1 0.38 0.43 0.69 0.62 0.43 0.99 0.09 0.71 0.36 0.58 0.13 0.21 0.36 0.79 0.87 0.64 0.93 0.83 0.75 0.3 0.63 0.44 0.95 0.49 0.98 0.55 0.99 0.24 0.14 0.04 0.68 0.85 0.35 0.08 0.42 0.03 0.35 0.63 0.51 0.98 0.82 0.08 0.5 0.21 0.36 0.03 0.76 0.74 0.22 0.95 0.51 0.45 0.94 0.26 0.53 0.16 0.99 0.13 0.62 0.02 0.54 0.61 0.93 0.16 0.97 0.37 0.56 0.42 0.09 0.03 0.26 0.32 0.29 0.95 0.13 0.13 0.18 0.39 0.14 0.59 0.49 0.6 0.31 0.19 0.13 0.21 0.86 0.21 0.97 0.35 0.98 0.54 0.15 0.47 0.37 0.9 0.62 0.6 0.96 0.57 0.43 0.75 0.46 0.5 0.18 0.67 0.18 0.02 0.82 0.01 0.42 0.31 0.26 0.04 0.4 0.21 0.93
0.38 0.17 0.66 0.24 0.99 0.49 0.64 0.2 0.19 0.97 0.0 0.15 0.53 0.52 0.4 0.06 0.93 0.18 0.42 0.29 0.28 0.84 0.9 0.51 0.39 0.43 0.0 0.46 0.77 0.73 0.17 0.24 0.65 0.38 0.68 0.49 0.44 0.64 0.98 0.33 1.0 0.84 0.54 0.65 0.71 0.87 0.58 0.98 0.94 0.18 0.88 0.46 0.25 0.62 0.39 0.48 0.23 0.77 0.54 0.2 0.24 0.51 0.94 0.17 0.46 0.87 0.19 0.21 0.34 0.52 0.59 0.23 0.88 0.98 0.92 0.97 0.81 0.6 0.1 0.15 0.36 0.92 0.88 0.72 0.05 0.76 0.02 0.08 0.11 0.58 0.66 0.33 0.03 0.99 0.08 0.57 0.39 0.33 0.97 0.52 0.3 0.84 0.36 0.56 0.88 0.9 0.04 0.96 0.29 0.44 0.28 0.52 0.61 0.94 0.25 0.41 0.92 0.21 0.14 0.87 0.93 0.25 0.93 0.26 0.77 0.22 0.36 0.4 0.06 0.15 0.33 0.51 0.7 0.22 0.5 0.04 0.61 0.51 0.62 0.73 0.04 0.06 0.66 0.35 0.55 0.5 0.54 0.69 0.22 0.01 0.75 0.22 0.05 0.33 0.76 0.95 0.22 0.85 0.38 0.68 0.5 0.11 0.19 0.67 0.5 0.2 0.79 0.7 0.33 0.51 0.19 0.31 0.81 0.03 0.66 0.86 0.77 0.58 0.71 0.65 0.69 0.85 0.52 0.88 0.4 0.23 0.46 0.46 0.6 0.1 0.91 0.64 0.5 0.45 0.52 0.86 0.34 0.67 0.02 0.68
0.67 0.37 0.43 0.25 0.78 0.14 0.58 0.83 0.51 0.22 0.3 0.34 0.66 0.79 0.97 0.6 0.85 0.04 0.39 0.74 0.12 0.89 0.03 0.77 0.29 0.16 0.46 0.71 0.81 0.07 0.28 0.63 0.24 0.78 0.64 0.79 0.17 0.09 0.65 0.33 0.59 0.76 0.6 0.91 0.09 0.22 0.52 0.94 0.0 0.53 1.0 0.12 0.47 0.37 0.42 0.97 0.5 0.45 0.31 0.79 0.61 0.67 0.09 0.22 0.76 0.85 0.41 0.59 0.63 0.8 0.81 0.39 0.87 0.18 0.29 0.26 0.05 0.15 0.06 0.39 0.89 0.44 0.55 0.26 0.75 0.67 0.93 0.49 0.17 0.36 0.53 0.38 0.12 0.2 0.85 0.5 0.9 0.45 0.59 0.95 0.57 0.23 0.01 0.79 0.81 0.28 0.82 0.71 0.24 0.66 0.14 0.37 0.99 0.48 0.63 0.32 0.59 0.8 0.49 0.81 0.35 0.92 0.83 0.43 0.36 0.79 0.91 0.69 0.53 0.31 0.46 0.21 0.85 0.12 0.58 0.13 0.14 0.36 0.75 0.63 0.08 0.65 0.08 0.63 0.96 0.4 0.86 0.97 0.22 0.18 0.93 0.11 0.76 0.29 0.7 0.16 0.56 0.04 0.64 0.46 0.9 0.38 0.76 0.4 0.59 0.68 0.71 0.44 0.68 0.2 0.8 0.27 0.16 0.78 0.93 0.95 0.22 0.92 0.56 0.93 0.62 0.51 0.59 0.69 0.72 0.18 0.07 0.83 0.75 0.58 0.56 0.27 0.26 0.19 0.26 0.66 0.25 0.04 0.88 0.95
0.79 0.2 0.46 0.76 0.38 0.63 0.96 0.6 0.15 0.87 0.48 0.16 0.18 0.12 0.58 0.04 0.78 0.66 0.25 0.64 0.41 0.3 0.48 0.95 0.9 0.98 0.84 0.72 0.07 0.4 0.99 0.07 0.03 0.49 0.38 0.75 0.41 0.62 0.32 0.42 0.43 0.86 0.27 0.63 0.39 0.42 0.08 0.04 0.97 0.89 0.15 0.17 0.52 0.36 0.47 0.15 0.07 0.45 0.42 0.14 0.66 0.32 0.48 0.53 0.34 0.23 0.8 0.33 0.76 0.76 0.9 0.4 0.45 0.01 0.27 0.26 0.63 0.44 0.3 0.43 0.34 0.3 0.08 0.23 0.78 0.7 0.49 0.02 0.07 0.75 0.4 0.02 0.89 0.04 0.94 0.71 0.42 0.46 0.99 0.7 0.99 0.31 0.98 0.96 0.36 0.53 0.06 0.97 0.12 0.86 0.92 0.53 0.84 1.0 0.72 0.56 0.7 0.87 0.17 0.81 0.45 0.63 0.95 0.3 0.8 0.29 0.83 0.94 0.62 0.9 0.26 0.47 0.58 0.49 0.08 0.87 0.66 0.71 0.35 0.18 0.69 0.39 0.3 0.29 0.17 0.34 0.6 0.36 0.9 0.47 0.48 0.11 0.67 0.34 0.43 0.79 0.52 0.52 0.5 0.56 0.82 0.12 0.63 0.26 0.67 0.68 0.39 0.65 0.24 0.19 0.84 0.48 0.07 0.14 0.7 0.4 0.17 0.73 0.19 0.19 0.15 0.49 0.44 0.59 0.06 0.14 0.41 0.45 0.09 0.42 0.47 0.19 0.36 0.38 0.49 0.88 0.53 0.71 0.73 0.11
0.35 0.53 0.56 0.51 0.13 0.44 0.7 0.18 0.69 0.41 0.49 0.76 0.5 0.6 0.25 0.48 0.09 0.45 0.07 0.06 0.84 0.27 0.8 0.28 0.16 0.13 0.41 0.21 0.16 0.66 0.28 0.82 0.28 0.25 0.69 0.65 0.15 0.15 0.76 0.25 0.73 0.92 0.78 0.86 0.59 0.55 0.35 0.25 0.67 0.99 0.36 0.01 0.06 0.14 0.89 0.33 0.01 0.68 0.46 0.94 0.98 0.06 0.43 0.33 0.4 0.63 0.98 0.62 0.57 0.96 0.57 0.11 0.1 0.1 0.07 0.69 0.18 0.55 0.3 0.69 0.48 0.29 0.16 0.45 0.25 0.97 0.89 0.99 0.95 0.52 0.19 0.1 0.26 0.63 0.38 0.44 0.55 0.21 0.18 0.05 0.76 0.01 0.89 0.84 0.59 0.83 0.24 0.69 0.59 0.13 0.55 0.99 0.18 0.94 0.84 0.13 0.93 0.47 0.43 0.13 0.57 0.78 0.13 0.82 0.91 0.17 0.17 0.57 0.51 0.47 0.72 0.24 0.27 0.17 0.4 0.65 0.18 0.47 0.65 0.07 0.9 0.51 0.84 0.73 0.2 0.3 0.33 0.4 0.43 0.15 0.78 0.79 0.08 0.84 0.88 0.32 0.94 0.41 0.37 0.25 0.29 0.99 0.51 0.53 0.89 0.7 0.56 0.98 0.37 0.07 0.07 0.74 0.83 0.17 0.38 0.19 0.81 0.56 0.97 0.47 0.77 0.94 0.15 0.76 0.65 0.68 0.83 0.31 0.5 0.21 0.43 0.69 0.28 0.91 0.09 0.48 0.36 0.02 0.3 0.32
0.47 0.29 0.69 0.25 0.9 0.2 0.24 0.59 0.16 0.07 0.83 0.29 0.98 0.06 0.47 0.31 0.35 0.33 0.55 0.93 0.08 0.63 0.63 0.29 0.7 0.57 0.81 0.7 0.37 0.63 0.53 0.59 0.08 0.37 0.19 0.08 0.73 0.6 0.04 0.03 0.79 0.47 0.94 0.96 0.43 0.05 0.54 0.23 0.09 0.29 0.06 0.12 0.37 0.04 0.58 0.49 0.01 0.98 0.63 0.21 0.05 0.65 0.17 0.71 0.91 0.86 0.3 0.39 0.38 0.71 0.22 0.19 0.25 0.31 0.86 0.3 0.91 0.02 0.26 0.1 0.96 0.69 0.02 0.47 0.09 0.98 0.53 0.18 0.77 0.94 0.33 0.56 0.01 0.58 0.59 0.8 0.69 0.9 0.65 0.46 0.64 0.72 0.43 0.02 0.24 0.28 0.33 0.6 0.19 0.09 0.99 0.23 0.71 0.24 0.54 0.38 0.34 0.62 0.43 0.14 0.66 0.95 0.42 0.57 0.74 0.62 0.38 0.14 0.73 0.46 0.82 0.93 0.35 0.83 0.61 0.5 0.17 0.57 0.9 0.44 0.13 0.45 0.25 0.04 0.25 0.35 0.69 0.83 0.0 0.48 0.93 0.45 0.83 0.44 0.27 0.16 0.59 0.68 0.26 0.36 0.93 0.59 0.13 0.57 0.58 0.82 0.29 0.8 0.04 0.64 0.32 0.21 0.28 0.74 0.55 0.87 0.8 0.62 0.59 0.16 0.48 0.27 0.86 0.06 0.33 0.46 0.56 0.15 0.89 0.26 0.73 0.45 0.86 0.73 0.26 0.72 0.91 0.58 0.05 0.56
0.49 0.13 0.07 0.3 0.75 0.42 0.56 0.5 1.0 0.57 0.29 0.79 0.56 0.22 0.21 0.56 0.66 0.49 0.2 0.21 0.7 0.83 0.41 0.52 0.56 0.51 0.66 0.91 0.15 0.96 0.32 0.35 0.94 0.02 1.0 0.18 0.6 0.15 0.33 0.62 0.96 0.7 0.63 0.34 0.79 0.51 0.47 0.58 0.72 0.24 0.4 0.45 0.57 0.54 0.15 0.8 0.56 0.05 0.7 0.71 0.22 0.06 0.05 0.31 0.83 0.6 0.02 0.13 0.02 0.95 0.01 0.92 0.74 0.74 0.07 0.08 0.16 0.12 0.61 0.47 0.3 0.02 0.38 0.46 0.55 0.71 0.61 0.46 0.23 0.14 0.06 0.73 0.11 0.13 0.96 0.83 0.49 0.64 0.75 0.7 0.03 0.59 0.6 0.03 0.13 0.86 0.42 0.72 0.21 0.72 0.19 0.18 0.85 0.49 0.07 0.85 0.17 0.25 0.11 0.15 0.03 0.42 0.1 0.46 0.36 0.16 0.94 0.48 0.57 0.62 0.77 0.73 0.84 0.26 0.59 0.88 0.97 0.04 0.87 0.33 0.51 0.56 0.39 0.63 0.19 0.64 0.8 0.55 0.44 0.88 0.79 0.35 0.53 0.51 0.54 0.33 0.63 0.04 0.92 0.79 0.92 0.1 0.98 0.28 0.92 0.12 0.26 0.98 0.98 0.25 0.27 0.11 0.43 0.71 0.31 0.46 0.14 0.89 0.13 0.28 0.0 0.29 0.71 0.09 0.24 0.05 0.07 0.97 0.67 0.2 0.04 0.29 0.22 0.95 0.63 0.43 0.27 0.37 0.68 0.93
0.72 0.76 0.91 0.23 0.15 0.72 0.86 0.24 0.86 0.85 0.78 0.71 0.92 0.51 0.28 0.67 0.17 0.11 0.72 0.54 0.74 0.02 0.11 0.9 0.1 0.09 0.8 0.58 0.05 0.6 0.34 0.21 0.42 0.82 0.39 0.36 0.05 0.92 0.94 0.48 0.47 0.17 0.05 0.89 0.94 0.69 0.95 0.89 0.2 0.54 0.38 0.49 0.09 0.82 0.93 0.74 0.65 0.98 0.4 0.12 0.39 0.3 0.52 0.72 0.17 0.33 0.53 0.4 0.4 0.48 0.4 0.17 0.32 0.48 0.6 0.36 0.95 0.71 0.26 0.32 0.88 0.19 0.78 0.43 1.0 0.22 0.13 0.36 0.83 0.97 0.77 0.08 0.22 0.89 0.44 0.42 0.74 0.78 0.46 0.87 0.46 0.5 0.62 0.11 0.67 0.76 0.25 0.32 0.82 0.62 0.12 0.98 0.68 0.92 0.03 0.96 0.36 0.55 0.6 0.4 0.33 0.82 0.66 0.53 0.86 0.67 0.22 0.96 0.26 0.09 0.98 0.91 0.76 0.67 0.49 0.22 0.62 0.94 0.39 0.02 0.79 0.25 0.54 0.95 0.62 0.7 0.38 0.78 0.71 0.47 0.57 0.28 0.99 0.87 0.81 0.54 0.4 0.73 0.44 0.04 0.56 0.77 0.86 0.93 0.59 0.83 0.82 0.93 0.06 0.47 0.44 0.1 0.82 0.62 0.83 0.28 0.07 0.84 0.15 0.29 0.94 0.89 0.5 0.87 0.42 0.98 0.36 0.46 0.7 0.15 0.79 0.03 0.63 0.42 0.42 0.23 0.94 0.52 0.07 0.58
0.08 0.93 0.7 0.93 0.21 0.7 0.41 0.56 0.37 0.14 0.33 0.88 0.04 0.28 0.85 0.96 0.58 0.4 0.11 0.8 0.25 0.45 0.68 0.15 0.49 0.81 0.8 0.85 0.56 0.72 0.38 0.72 0.58 0.97 0.68 0.98 0.71 0.2 0.57 0.43 0.71 0.8 0.22 0.95 0.9 0.08 0.21 0.61 0.53 0.34 0.85 0.65 0.9 0.34 0.55 0.3 0.88 0.71 0.1 0.46 0.07 0.61 0.88 0.83 0.47 0.4 0.31 0.62 0.55 0.5 0.95 0.85 0.93 0.76 0.47 0.08 0.13 0.45 0.93 0.33 0.69 0.1 0.27 0.03 0.78 0.37 0.44 0.03 0.79 0.05 0.14 0.93 0.18 0.14 0.54 0.22 0.3 0.93 0.29 0.27 0.61 0.85 0.2 0.6 0.8 0.52 0.97 0.44 0.06 0.71 0.58 0.78 0.06 0.82 0.14 0.83 0.5 0.53 0.84 0.17 0.99 0.04 0.49 0.32 0.73 0.18 0.16 0.89 0.54 0.12 0.21 0.36 0.24 0.95 0.27 0.3 0.83 0.03 0.64 0.62 0.13 0.37 0.73 0.77 0.53 0.82 0.03 0.34 0.67 0.22 0.05 0.86 0.13 0.15 0.96 0.08 0.95 0.59 0.63 0.13 0.77 0.76 0.67 0.13 0.1 0.02 0.32 0.81 0.17 0.45 0.92 0.93 0.36 0.1 0.82 0.54 0.31 0.21 0.5 0.28 0.11 0.92 0.49 0.71 0.3 0.91 0.01 0.27 0.9 0.0 0.34 0.7 0.34 0.33 0.53 0.65 0.02 0.88 0.99 0.88
0.18 0.79 0.43 0.98 0.45 0.72 0.48 0.06 0.14 0.79 0.35 0.59 0.72 0.69 0.32 0.35 0.42 0.59 0.52 0.14 0.29 0.64 0.88 0.34 0.01 0.09 0.81 0.24 0.22 0.28 0.12 0.54 0.58 0.93 0.96 0.83 0.62 0.52 0.35 0.38 0.82 0.13 0.73 0.0 0.96 0.39 0.47 0.18 0.7 0.66 0.32 0.37 0.9 0.15 0.71 0.18 0.5 0.78 0.86 0.22 0.72 0.57 0.47 0.26 0.16 0.97 0.64 0.98 0.7 0.17 0.57 0.46 0.17 1.0 0.85 0.25 0.24 0.01 0.15 0.66 0.73 0.78 0.1 0.0 0.5 0.81 0.03 0.76 0.96 0.45 0.97 0.57 0.83 0.6 0.36 0.48 0.59 0.74 0.27 0.3 0.32 0.72 0.58 0.53 0.18 0.92 0.25 0.06 0.72 0.9 0.94 0.81 0.54 0.84 0.68 0.69 0.29 0.08 0.51 0.24 0.35 0.81 0.01 0.45 1.0 0.41 0.49 0.87 0.12 0.8 0.97 0.19 0.13 0.79 0.1 0.14 0.92 0.54 0.13 0.48 0.02 0.21 0.69 0.17 0.98 0.05 0.94 0.17 0.88 0.09 0.26 0.36 0.4 0.87 0.1 0.46 0.93 0.2 0.43 0.2 0.48 0.16 0.65 0.35 0.95 0.75 0.79 0.79 0.59 0.31 0.1 0.72 0.68 0.72 0.68 0.17 0.42 0.88 0.27 0.41 0.7 0.38 0.3 0.18 0.31 0.41 0.77 0.02 0.29 0.53 0.82 0.38 0.99 0.58 0.51 0.48 0.21 0.55 0.32 0.87
0.77 0.86 0.58 0.1 0.05 0.74 0.32 0.5 0.01 0.33 0.13 0.18 0.24 0.84 0.72 0.74 0.1 0.11 0.38 0.77 0.19 0.05 0.23 0.79 0.44 0.85 0.17 0.06 0.39 0.22 0.96 0.41 0.27 0.21 0.68 0.83 0.52 0.49 0.34 0.29 0.2 0.79 0.3 0.46 0.85 0.91 0.95 0.03 0.26 0.59 0.76 0.57 0.99 0.23 0.21 0.64 0.59 0.28 0.47 0.48 0.36 0.03 0.9 0.9 0.49 0.6 0.98 0.06 0.1 0.2 0.94 0.61 0.24 0.29 0.45 0.93 0.59 0.48 0.27 0.26 0.27 0.02 0.44 0.39 0.22 0.37 0.18 0.38 0.28 0.24 0.32 0.52 0.98 0.83 0.62 0.2 0.49 0.72 0.73 0.92 0.01 0.89 0.42 0.46 0.72 0.6 0.74 0.27 0.36 0.79 0.05 0.71 0.35 0.16 0.09 0.12 0.09 0.51 0.31 0.23 0.56 0.74 0.86 0.32 0.26 0.9 0.01 0.27 0.43 0.06 0.88 0.03 0.51 0.39 0.79 0.43 0.78 0.5 0.86 0.09 0.16 0.75 0.7 0.4 0.81 0.38 0.97 0.71 0.23 0.71 0.37 0.55 0.17 0.21 0.55 0.33 0.1 0.25 0.95 0.07 0.31 0.55 0.69 0.68 0.39 0.38 0.89 0.05 0.95 0.55 0.06 0.02 0.52 0.34 0.11 0.53 0.79 0.78 0.1 0.65 0.9 0.61 0.23 0.99 0.39 0.66 0.98 0.81 0.27 0.61 0.37 0.81 0.74 0.24 0.46 0.72 0.91 0.33 0.62 1.0
0.12 0.81 0.96 0.18 0.01 0.35 0.17 0.74 0.28 0.77 0.29 0.81 0.73 0.56 0.75 0.75 0.35 0.13 0.62 0.82 0.87 0.81 0.39 0.12 0.7 0.4 0.08 0.43 0.02 0.4 0.98 0.09 0.43 0.68 0.49 0.94 0.91 0.31 0.04 0.44 0.87 0.62 0.87 0.66 0.08 0.51 0.71 0.8 0.16 0.72 0.91 0.85 0.33 0.38 0.52 0.78 0.29 0.54 0.03 0.74 0.11 0.28 0.76 0.79 0.71 0.82 0.98 0.82 0.11 0.18 0.44 0.91 0.39 0.56 0.83 0.01 0.07 0.84 0.16 0.61 0.08 0.32 0.56 0.02 0.78 0.7 0.49 0.86 0.74 0.43 0.53 0.16 0.45 0.36 0.52 0.47 0.01 0.93 0.12 0.43 0.65 0.16 0.94 0.37 0.59 0.35 0.6 0.76 0.66 0.2 0.05 0.63 0.26 0.06 0.37 0.66 0.17 0.07 0.97 0.25 0.05 0.58 0.74 0.07 0.11 0.71 0.83 0.16 0.64 0.27 0.77 0.51 0.6 0.28 0.71 0.21 0.94 0.94 0.3 0.6 0.06 0.29 0.38 0.84 0.81 0.51 0.93 0.54 0.95 0.41 0.03 0.52 0.37 0.53 0.89 0.09 0.39 1.0 0.3 0.89 0.29 0.86 0.6 0.81 0.81 0.23 0.19 0.85 0.59 0.37 0.32 0.95 0.13 0.94 0.74 0.36 0.67 0.84 0.41 0.48 0.06 0.11 0.36 0.65 0.19 0.39 0.16 0.58 0.2 0.35 0.92 0.64 0.2 0.84 1.0 0.29 0.99 0.76 0.23 0.15
0.85 0.38 0.68 0.09 0.59 0.23 0.89 0.7 0.35 0.62 0.76 0.86 0.34 0.54 1.0 1.0 0.63 0.13 0.43 0.68 0.35 0.01 0.06 0.59 0.23 0.76 0.42 0.1 0.08 0.4 0.19 0.21 0.48 0.11 0.98 0.59 0.76 0.4 0.59 0.33 0.0 0.1 0.53 0.69 0.91 0.81 0.86 0.55 0.21 0.11 0.86 0.13 0.49 0.39 0.16 0.38 0.75 0.48 0.38 0.58 0.67 0.99 0.33 0.44 0.78 0.29 0.41 0.0 0.37 0.91 0.81 0.69 0.27 0.34 0.15 0.89 0.72 0.41 0.23 0.84 0.86 0.71 0.21 0.06 0.05 0.5 0.53 0.51 0.44 0.84 0.02 0.65 0.67 0.2 0.74 0.34 0.47 0.91 0.97 0.82 0.08 0.75 0.52 0.5 0.4 0.78 0.27 0.28 0.94 0.54 0.57 0.68 0.31 0.95 0.46 0.1 0.38 0.54 0.36 0.97 0.56 0.86 0.95 0.68 0.04 0.11 0.22 0.03 0.35 0.81 0.31 0.56 0.25 0.58 0.57 0.49 0.45 0.93 0.74 0.13 0.99 0.08 0.24 0.67 0.82 0.88 0.56 0.96 0.41 0.49 0.65 0.11 0.48 0.77 0.95 0.74 0.23 0.86 0.58 0.63 0.61 0.85 0.81 0.02 0.99 0.42 0.83 0.03 0.43 0.4 0.88 0.76 0.11 0.83 0.18 0.24 0.91 1.0 0.33 0.51 0.63 0.23 0.7 0.1 0.43 0.21 0.71 0.11 0.63 0.0 0.98 0.96 0.65 0.46 0.84 0.47 0.69 0.57 0.14 0.57
0.1 0.2 0.79 0.76 0.72 0.47 0.68 0.41 0.4 0.46 0.76 0.47 0.2 0.3 0.21 0.42 0.12 0.26 0.32 0.42 0.84 0.56 0.43 0.12 0.13 0.42 0.8 0.04 0.12 0.49 0.07 0.21 0.15 0.08 0.37 0.45 0.04 0.95 0.13 0.48 0.68 0.19 0.11 0.36 0.11 0.24 0.84 0.64 0.5 0.84 0.29 0.39 0.88 0.83 0.57 0.18 0.76 0.08 0.37 0.74 0.65 0.18 0.3 0.46 0.4 0.49 0.09 0.26 0.06 0.72 0.18 0.02 0.89 0.1 0.78 0.62 0.41 0.17 0.79 0.12 0.53 0.72 0.73 0.28 0.08 0.6 0.57 0.56 0.68 0.36 0.08 0.14 0.17 0.13 0.16 0.88 0.67 0.59 0.46 0.43 0.23 0.64 0.12 0.73 0.92 0.9 0.65 0.15 0.86 0.16 0.41 0.84 0.75 0.71 0.18 0.18 0.38 0.9 0.5 0.44 0.2 0.58 0.95 0.27 0.18 0.27 0.72 0.69 0.3 0.19 0.75 0.46 0.21 0.36 0.44 0.06 0.67 0.82 0.69 0.08 0.31 0.73 0.63 0.89 0.94 0.75 0.98 0.0 0.66 0.49 0.05 0.05 0.12 0.35 0.22 0.42 0.95 0.07 0.82 0.44 0.19 0.12 0.28 0.78 0.01 0.43 0.36 0.72 0.19 0.12 0.92 0.67 0.3 0.26 0.51 0.55 0.29 0.94 0.1 0.2 0.39 0.66 0.95 0.1 0.63 0.6 0.65 0.64 0.02 0.25 0.31 0.53 0.2 0.25 0.28 0.79 0.45 0.46 0.42 0.8
0.65 0.59 0.64 0.18 0.28 0.73 0.7 0.15 0.97 0.35 0.23 0.4 0.33 0.87 0.46 0.47 0.61 0.05 0.53 0.95 0.81 0.84 0.36 0.97 0.48 0.2 0.27 0.58 0.4 0.1 0.08 0.74 0.15 0.04 0.77 0.18 0.84 0.59 0.24 0.07 0.62 0.15 0.26 0.52 0.78 0.97 0.12 0.89 0.13 0.16 0.61 0.8 0.13 0.11 0.72 0.13 0.02 0.96 0.96 0.25 0.19 0.29 0.03 0.76 0.9 0.77 0.54 0.15 0.11 0.73 0.73 0.7 0.92 0.5 0.29 0.12 0.97 0.43 0.78 0.76 0.23 0.22 0.29 0.63 0.68 0.62 0.38 0.65 0.06 0.72 0.02 0.76 0.18 0.29 0.59 0.09 0.67 0.69 0.06 0.13 0.03 0.02 0.67 0.1 0.08 0.28 0.64 0.54 0.68 0.07 0.61 0.81 0.05 0.88 0.52 0.69 0.6 0.98 0.89 0.2 0.03 0.36 0.19 0.79 0.63 0.48 0.9 0.87 0.55 0.84 0.59 0.87 0.38 0.43 0.45 0.37 0.31 0.79 0.69 0.43 0.02 0.68 0.44 0.76 0.75 0.43 0.26 0.16 0.7 0.57 0.86 0.91 0.09 0.73 0.7 0.22 0.12 0.96 0.21 0.17 0.47 0.39 0.23 0.62 0.75 0.67 0.7 0.23 0.11 0.56 0.83 0.5 1.0 0.84 0.16 0.81 0.37 0.7 0.96 0.5 0.96 0.29 0.76 0.98 0.97 0.72 0.44 0.55 0.71 0.54 0.88 0.08 0.15 0.93 0.44 0.67 0.83 0.72 0.76 0.61
0.21 0.8 0.66 0.41 0.55 0.2 0.96 0.6 0.39 0.4 0.84 0.51 0.6 0.38 0.08 0.88 0.82 0.77 0.38 0.38 0.99 0.17 0.69 0.34 0.64 0.7 0.5 0.13 0.22 0.5 0.69 0.96 0.93 0.24 0.28 0.12 0.25 0.83 0.49 0.31 0.68 0.06 0.11 0.21 0.89 0.46 0.82 0.6 0.18 0.89 0.84 0.78 0.84 0.25 0.02 0.65 0.54 0.41 0.01 0.65 0.07 0.27 0.93 0.56 0.59 0.8 0.4 0.85 0.28 0.88 0.48 0.52 0.36 0.95 0.17 0.98 0.74 0.76 0.52 0.91 0.88 0.85 0.72 0.25 0.55 0.42 0.3 0.63 0.04 0.43 0.4 0.11 0.52 0.54 0.36 0.53 0.4 0.49 0.79 0.38 0.22 0.15 0.63 0.43 0.36 0.21 0.55 0.7 0.03 0.05 0.52 0.13 0.52 0.46 0.51 0.93 0.6 0.03 0.8 0.87 0.83 0.27 0.65 0.81 0.02 0.59 0.77 0.02 0.92 0.07 0.66 0.16 0.71 0.61 0.71 0.08 0.34 0.97 0.7 0.74 0.83 0.03 0.51 0.7 0.61 0.77 0.66 0.66 0.74 0.64 0.67 0.94 0.02 0.92 0.42 0.73 0.16 0.57 0.48 0.67 0.43 0.25 0.37 0.58 0.25 0.82 0.64 0.07 0.71 0.77 0.17 0.09 0.0 0.78 0.71 0.48 0.89 0.54 0.81 1.0 0.12 0.49 0.97 0.9 0.61 0.55 0.14 0.77 0.05 0.28 0.89 0.07 0.07 0.49 0.94 0.57 0.84 0.07 0.5 0.82
0.3 0.34 0.14 0.74 0.99 0.34 0.87 0.6 0.86 0.55 0.35 0.81 0.23 0.24 0.92 0.25 0.59 0.17 0.33 0.07 0.5 0.96 0.43 0.95 0.5 0.97 0.09 0.45 0.68 0.96 0.72 0.53 0.71 0.76 0.49 0.73 0.21 0.44 0.35 0.97 0.19 0.62 0.11 0.53 0.1 0.41 0.14 0.95 0.46 0.57 0.5 0.32 0.8 0.45 0.45 0.2 0.24 0.38 0.8 0.99 0.28 0.17 0.01 0.65 0.77 0.86 0.72 0.02 0.3 0.22 0.67 0.85 0.11 0.29 0.83 0.41 0.77 0.37 0.8 0.58 0.02 0.5 0.92 0.37 0.7 0.03 0.41 0.37 0.92 0.62 0.31 0.17 0.58 0.05 1.0 0.43 0.39 0.66 0.91 0.76 0.27 0.04 0.95 0.91 0.27 0.33 0.3 0.9 0.24 0.83 0.11 0.93 0.62 0.45 0.52 0.09 0.02 0.44 0.65 0.04 0.33 0.61 0.22 0.83 0.98 0.8 0.79 0.34 0.08 0.94 0.91 0.45 0.02 0.49 0.74 0.67 0.83 0.76 0.75 0.25 0.18 0.03 0.32 0.1 0.38 0.22 0.43 0.31 0.41 0.7 0.56 0.34 0.66 0.79 0.45 0.86 0.62 0.97 0.28 0.9 0.23 0.14 0.39 0.24 0.69 0.1 0.42 0.96 0.14 0.69 0.62 0.82 0.84 0.26 0.56 0.97 0.02 0.67 0.65 0.87 0.84 0.12 0.12 0.21 0.38 0.75 0.7 0.67 0.19 0.19 0.97 0.05 0.76 0.46 0.03 0.41 0.75 0.23 0.55 0.62
0.92 0.84 0.84 0.4 0.12 0.27 0.18 0.35 0.48 0.57 0.89 0.57 0.45 0.51 0.71 0.58 0.41 0.62 0.36 0.4 0.71 0.26 0.65 0.58 0.82 0.97 0.42 0.25 0.82 0.57 0.15 0.6 0.4 0.63 0.89 0.79 0.16 0.27 0.65 0.69 0.81 0.15 0.62 0.8 0.68 0.42 0.98 0.24 0.28 0.48 0.72 0.11 0.41 0.77 0.43 0.66 0.26 0.14 0.13 0.85 0.51 0.63 0.41 0.58 0.51 0.13 0.51 0.6 0.86 0.19 0.93 0.76 0.86 0.86 0.93 0.14 0.15 0.31 0.28 0.67 0.96 0.31 0.12 0.66 0.32 0.82 0.26 0.92 0.47 0.29 0.36 0.43 0.28 0.5 0.41 0.45 0.36 0.46 0.94 0.37 0.27 0.69 0.89 0.26 0.72 0.64 0.17 0.75 0.35 0.37 0.24 0.85 0.29 0.34 0.35 0.26 0.9 0.5 0.11 0.74 0.89 0.43 0.23 0.28 0.91 0.56 0.92 0.71 0.92 0.29 0.87 0.69 0.76 0.69 0.38 0.8 0.88 0.62 0.99 0.39 0.19 0.64 0.16 0.98 0.33 0.35 0.12 0.13 0.97 0.5 0.21 0.68 0.26 0.61 0.82 0.93 0.57 0.12 0.8 0.49 0.18 0.37 0.68 0.41 0.14 0.9 0.84 0.43 0.31 0.12 0.84 0.55 0.86 0.66 0.75 0.62 0.87 0.38 0.31 0.63 0.22 0.93 0.97 0.73 0.49 0.63 0.63 0.69 0.44 0.18 0.47 0.73 0.97 0.11 0.78 0.97 0.93 0.13 0.85 0.94
0.67 0.58 0.88 0.49 0.94 0.81 0.96 0.31 0.55 0.55 0.41 0.71 0.51 0.16 0.44 0.37 0.33 0.35 0.4 0.46 0.82 0.17 0.47 0.8 0.69 0.69 0.95 0.54 0.5 0.36 0.61 0.8 0.53 0.16 0.63 0.91 0.87 0.61 0.67 0.36 0.31 0.48 0.19 0.5 0.14 0.24 0.48 0.19 0.88 0.59 0.28 0.68 0.95 0.97 0.16 0.76 0.31 0.35 0.94 0.99 0.19 0.85 0.12 0.83 0.63 0.47 0.89 0.96 0.52 0.73 0.47 0.77 0.65 0.24 0.62 0.37 0.37 0.25 0.7 0.97 0.95 0.28 0.21 0.21 0.34 0.87 0.84 0.85 0.11 0.21 0.57 0.56 0.87 0.71 0.67 0.48 0.95 0.16 0.22 0.5 0.95 0.94 0.21 0.22 0.97 0.5 0.98 0.8 0.24 0.7 0.41 0.22 0.39 0.52 0.74 0.21 0.9 0.2 0.85 0.95 0.58 0.16 0.52 0.79 0.23 0.66 0.92 0.32 0.81 0.67 0.63 0.94 0.48 0.8 0.51 0.48 0.69 0.98 0.38 0.87 0.62 0.32 0.98 0.31 0.56 0.84 0.59 0.79 0.84 0.31 0.37 0.16 0.74 0.55 0.92 0.75 0.67 0.21 0.29 0.5 0.53 0.65 0.62 0.37 0.98 0.65 0.82 0.14 0.49 0.69 0.74 0.52 0.91 0.59 0.62 0.32 0.85 0.67 0.48 0.97 0.78 0.89 0.25 0.58 0.5 0.61 0.22 0.45 0.69 0.21 0.3 0.98 0.84 0.22 0.41 0.81 0.24 0.62 0.25 0.91
0.79 0.53 0.25 0.55 0.28 0.21 0.11 0.87 0.96 0.37 0.64 0.77 0.18 0.13 0.96 0.89 0.53 0.61 0.66 0.57 0.81 0.13 0.52 0.81 0.23 0.66 0.69 0.98 0.11 0.27 0.5 0.49 0.51 0.2 0.9 0.16 0.76 0.76 0.53 0.54 0.86 0.64 0.58 0.23 0.79 0.95 0.93 0.94 0.43 0.68 0.33 0.98 0.42 0.31 0.16 0.39 0.75 0.82 0.96 0.12 0.17 0.23 0.84 0.13 0.17 0.99 0.98 0.4 0.15 0.47 0.93 0.16 0.25 0.43 0.8 0.32 0.29 0.74 0.72 0.39 0.68 0.97 0.64 0.51 0.79 0.73 0.52 0.63 0.45 0.38 0.15 0.43 0.32 0.67 0.84 0.45 0.43 0.99 0.94 0.77 0.79 0.87 0.81 0.14 0.6 0.46 0.26 0.76 0.73 0.34 0.51 0.24 0.77 0.46 0.4 0.46 0.77 0.71 0.89 0.41 0.76 0.11 0.1 0.72 0.92 0.77 0.75 0.26 0.25 0.58 0.75 0.97 0.79 0.64 0.65 0.17 0.85 0.47 0.53 0.9 0.15 0.38 0.71 0.3 0.47 0.42 0.25 0.55 0.6 0.68 0.79 0.76 0.47 0.86 0.12 0.35 0.15 0.89 0.35 0.51 0.63 0.32 0.63 0.88 0.79 0.58 0.95 0.63 0.27 0.83 0.26 0.25 0.8 0.73 0.97 0.99 0.82 0.28 0.72 0.29 0.44 0.98 0.48 0.51 0.56 0.53 0.69 0.68 0.62 0.41 0.97 0.73 0.59 0.41 0.18 0.49 0.11 0.16 0.65 0.31
0.27 0.71 0.76 0.74 0.52 0.82 0.27 0.82 0.17 0.95 0.53 0.93 0.16 0.84 0.89 0.94 0.3 0.51 0.41 0.94 0.44 0.37 0.96 0.64 0.65 0.1 0.16 0.17 0.36 0.32 0.28 0.26 0.47 0.29 0.35 0.56 0.28 0.4 0.41 0.78 0.92 0.77 0.78 0.68 0.79 0.18 0.56 0.12 0.18 0.67 0.24 0.38 0.93 0.79 0.44 0.35 0.72 0.68 0.91 0.55 0.23 0.7 0.85 0.19 0.54 0.59 0.82 0.29 0.29 0.63 0.69 0.63 0.74 0.94 0.18 0.41 0.8 0.82 0.66 0.38 0.48 0.91 0.62 0.37 0.48 0.62 0.79 0.73 0.73 0.86 0.32 0.89 0.74 0.79 0.79 0.69 0.31 0.2 0.84 0.28 0.75 0.57 0.92 0.32 0.81 0.75 0.74 0.35 0.6 0.94 0.62 0.68 0.61 0.91 0.93 0.5 0.97 0.93 0.63 0.18 0.18 0.38 0.8 0.39 0.42 0.35 0.4 0.91 0.11 0.63 0.73 0.78 0.92 0.3 0.12 0.72 0.54 0.16 0.72 0.98 0.3 0.52 0.42 0.6 0.72 0.94 0.69 0.46 0.88 0.75 0.53 0.83 0.97 0.5 0.31 0.28 0.92 0.69 0.99 0.65 0.85 0.99 0.8 0.34 0.77 0.27 0.39 0.23 0.41 0.15 0.73 0.79 0.49 0.79 0.28 0.94 0.89 0.72 0.55 0.81 0.38 0.94 0.6 0.43 0.43 0.97 0.65 0.32 0.75 0.53 0.28 0.31 0.67 0.35 0.61 0.71 0.87 0.93 0.57 0.58
0.89 0.74 0.52 0.91 0.48 0.3 0.89 0.93 0.38 0.84 0.26 0.23 0.52 0.77 0.76 0.74 0.85 0.91 0.54 0.53 0.4 0.87 0.54 0.76 0.39 0.3 0.32 0.51 0.4 0.32 0.73 0.12 0.52 0.27 0.92 0.96 0.64 0.91 0.46 0.84 0.71 0.45 0.21 0.64 0.65 0.66 0.94 0.53 0.76 0.53 0.43 0.65 0.87 0.94 0.62 0.63 0.25 0.31 0.9 0.9 0.97 0.96 0.42 0.64 0.19 0.95 0.61 0.4 0.38 0.64 0.81 0.46 0.21 0.92 0.46 0.56 0.24 0.57 0.35 0.54 0.33 0.98 0.27 0.15 0.67 0.71 0.91 0.69 0.74 0.16 0.84 0.66 0.31 0.23 0.97 0.55 0.76 0.78 0.91 0.11 0.59 0.27 0.69 0.5 0.92 0.96 0.92 0.14 0.32 0.68 0.69 0.43 0.48 0.5 0.94 0.86 0.61 0.43 0.3 0.54 0.79 0.25 0.43 0.55 0.15 0.59 0.3 0.69 0.37 0.2 0.15 0.38 0.98 0.79 0.81 0.72 0.72 0.48 0.76 0.37 0.7 0.98 0.32 0.85 0.49 0.14 0.94 0.44 0.28 0.25 0.71 0.59 0.34 0.81 0.18 0.75 0.53 0.15 0.61 0.58 0.11 0.29 0.67 0.66 0.83 0.14 0.11 0.41 0.89 0.17 0.95 0.91 0.71 0.38 0.77 0.37 0.5 0.6 0.93 0.15 0.23 0.48 0.71 0.19 0.59 0.82 0.9 0.24 0.64 0.62 0.57 0.12 0.79 0.19 0.72 0.31 0.97 0.18 0.55 0.52
0.61 0.97 0.74 0.1 0.83 0.56 0.92 0.13 1.0 0.11 0.7 0.62 0.6 0.11 0.12 0.55 0.49 0.66 0.64 0.17 0.6 0.9 0.53 0.39 0.92 0.62 0.42 0.93 0.87 0.57 0.87 0.8 0.24 0.11 0.54 0.13 0.5 0.47 0.29 0.13 0.29 0.31 0.12 0.88 0.28 0.99 0.14 0.87 0.51 0.92 0.46 0.89 0.89 0.3 0.18 0.79 0.92 0.41 0.31 0.72 0.64 0.97 0.47 0.4 0.79 0.25 0.89 0.88 0.61 0.7 0.95 0.83 0.77 0.22 0.81 0.7 0.89 0.38 0.41 0.98 0.53 0.15 0.35 0.68 0.98 0.78 0.2 0.4 0.48 0.71 0.58 0.42 0.42 0.47 0.46 0.36 0.58 0.93 0.53 0.73 0.4 0.73 0.9 0.28 0.6 0.27 0.88 0.91 0.33 0.49 0.11 0.56 0.68 0.2 0.67 0.69 0.27 0.58 0.8 0.26 0.28 0.11 0.53 0.32 0.26 0.58 0.91 0.79 0.21 0.24 0.43 0.18 0.55 0.51 0.59 0.23 0.94 0.32 0.75 0.4 0.56 0.78 0.61 0.27 0.59 0.28 0.17 0.9 0.82 0.55 0.34 0.24 0.21 0.49 0.91 0.42 0.28 0.68 0.47 0.87 0.83 0.84 0.18 0.57 0.74 0.29 0.8 0.98 0.96 0.77 0.69 0.75 0.86 0.23 0.85 0.56 0.93 0.69 0.29 0.29 0.79 0.91 0.77 0.66 0.59 0.33 0.88 0.61 0.39 0.91 0.13 0.49 0.75 0.12 0.25 0.56 0.72 0.98 0.69 0.49
0.11 0.43 0.19 0.26 0.32 0.8 0.6 0.36 0.54 0.24 0.7 0.32 0.85 0.73 0.69 0.48 0.58 0.34 0.45 0.95 0.6 0.55 0.25 0.44 0.75 0.36 0.65 0.17 0.28 0.94 0.52 0.45 0.92 0.29 0.54 0.2 0.66 0.92 0.58 0.12 0.25 0.92 0.76 0.65 0.74 0.64 0.28 0.97 0.63 0.7 0.18 0.35 0.55 0.83 0.69 0.44 0.75 0.94 0.38 0.45 0.13 0.65 0.34 0.4 0.94 0.51 0.72 0.54 0.5 0.73 0.15 0.93 0.89 0.64 0.55 0.47 0.88 0.57 0.39 0.83 0.85 0.19 0.9 0.31 0.46 0.18 0.74 0.66 0.78 0.22 0.91 0.15 0.46 0.8 0.66 0.73 0.67 0.49 0.51 0.36 0.24 0.97 0.54 0.68 0.45 0.31 0.3 0.4 0.8 0.46 0.14 0.33 0.63 0.51 0.25 0.81 0.61 0.64 0.38 0.48 0.15 0.47 0.91 0.56 0.13 0.78 0.89 0.55 0.2 0.82 0.99 0.6 0.2 0.94 0.52 0.55 0.71 0.82 0.86 0.29 0.56 0.18 0.28 0.71 0.78 0.88 0.5 0.4 0.62 0.59 0.28 0.58 0.79 0.87 0.13 0.36 0.97 0.4 0.25 0.28 0.45 0.35 0.27 0.63 0.92 0.67 0.28 0.54 0.22 0.55 0.84 0.17 0.69 0.6 0.82 0.67 0.11 0.57 0.85 0.57 0.79 0.34 0.57 0.11 0.93 0.11 0.98 0.1 0.93 0.21 0.62 0.57 0.96 0.15 0.13 0.43 0.3 0.12 0.65 0.19
0.17 0.57 0.38 0.85 0.28 0.32 0.29 0.49 0.28 0.92 0.43 0.27 0.94 0.54 0.17 0.79 0.43 0.75 0.94 0.52 0.17 0.41 0.36 0.12 0.29 0.73 0.4 0.45 0.12 0.38 0.37 0.84 0.67 0.65 0.27 0.52 0.45 0.21 0.29 0.62 0.75 0.32 0.73 0.52 0.84 0.74 0.23 0.61 0.49 0.75 0.41 0.41 0.47 0.17 0.36 0.77 0.25 0.71 0.76 0.46 0.76 0.98 0.67 0.29 0.38 0.68 0.87 0.9 0.73 0.28 0.36 0.12 0.56 0.5 0.99 0.35 0.37 0.79 0.37 0.85 0.68 0.32 0.48 0.33 0.6 0.58 0.35 0.26 0.11 0.32 0.13 0.62 0.91 0.78 0.41 0.6 0.83 0.49 0.96 0.77 0.8 0.35 0.56 0.72 0.66 0.7 0.73 0.36 0.34 0.18 0.7 0.97 0.36 0.71 0.69 0.4 0.12 0.86 0.78 1.0 0.52 0.11 0.96 0.73 0.22 0.41 0.46 0.16 0.22 0.58 0.26 0.87 0.13 0.8 0.41 0.74 0.22 0.58 0.91 0.53 0.14 0.3 0.7 0.41 0.47 0.18 0.17 1.0 0.85 0.91 0.4 0.83 0.32 0.85 0.79 0.52 0.13 0.69 0.88 0.34 0.13 0.18 0.23 0.73 0.62 0.24 0.36 0.2 0.25 0.42 0.93 0.88 0.31 0.84 0.37 0.71 0.64 0.85 0.88 0.76 0.5 0.11 0.83 0.58 0.21 0.6 0.63 0.77 0.76 0.69 0.49 0.61 0.75 0.67 0.41 0.91 0.12 0.54 0.78 0.64
0.7 0.13 0.58 0.95 0.95 0.11 0.4 0.72 0.19 0.15 0.23 0.93 0.67 0.68 0.59 0.53 0.89 0.77 0.72 0.98 0.43 0.98 0.54 0.73 0.19 0.45 0.15 0.4 0.48 0.68 0.76 0.3 0.23 0.29 0.19 0.71 0.71 0.29 0.38 0.29 0.77 0.47 0.77 0.29 0.83 0.21 0.22 0.44 0.12 0.28 0.23 0.11 0.79 0.21 0.97 0.69 0.39 0.47 0.44 0.29 0.77 0.72 0.28 0.18 0.55 0.97 0.26 0.64 0.4 0.34 0.11 0.56 0.67 0.67 0.48 0.19 0.71 0.97 0.57 0.74 0.19 0.73 0.92 0.21 0.12 0.86 0.51 0.4 0.87 0.32 0.71 0.83 0.17 0.81 0.52 0.94 0.57 0.72 0.48 0.52 0.14 0.69 0.36 0.19 0.24 0.66 0.85 0.17 0.32 0.23 0.52 0.36 0.15 0.17 0.34 0.3 0.33 0.19 1.0 0.58 0.64 0.65 0.21 0.56 0.53 0.11 0.95 0.1 0.87 0.58 0.4 0.95 0.87 0.85 0.66 0.51 0.98 0.5 0.16 0.76 0.81 0.36 0.7 0.65 0.75 0.57 0.44 0.99 0.83 0.75 0.11 0.13 0.42 0.72 0.97 0.39 0.96 0.82 0.12 0.67 0.71 0.38 0.22 0.96 0.16 0.94 0.53 0.81 0.42 0.79 0.69 0.83 0.44 0.45 0.66 0.41 0.38 0.44 0.34 0.89 0.71 0.91 0.46 0.91 0.79 0.21 0.14 0.96 0.65 0.22 0.45 0.59 0.28 0.56 0.61 0.55 0.29 0.62 0.46 0.44
0.87 0.43 0.32 0.91 0.71 0.4 0.2 0.86 0.64 0.17 0.59 0.39 0.57 0.32 0.75 0.17 0.99 0.55 0.17 0.49 1.0 0.54 0.77 0.34 0.77 0.16 0.27 0.97 0.95 0.36 0.72 0.42 0.88 0.75 0.88 0.8 0.51 0.27 0.12 0.95 0.3 0.26 0.41 0.28 0.72 0.2 0.63 0.25 0.74 0.99 0.63 0.76 0.2 0.88 0.37 0.17 0.13 0.66 0.18 0.91 0.5 0.27 0.63 0.95 0.63 0.93 0.3 0.74 0.14 0.15 0.9 0.27 0.98 0.38 0.21 0.47 0.5 0.78 0.67 0.58 0.74 0.79 0.54 0.11 0.33 0.28 0.28 0.71 0.79 0.55 0.96 0.67 0.41 0.64 0.93 0.77 0.7 0.42 0.28 0.62 0.99 0.68 0.93 0.99 0.46 0.26 0.54 0.18 0.36 0.8 0.76 0.32 0.15 0.18 0.13 0.99 0.68 0.78 0.57 0.59 0.61 0.57 0.93 0.33 0.82 0.44 0.92 0.36 0.23 0.57 0.62 0.28 0.9 0.91 0.99 0.46 0.91 0.96 0.2 0.18 0.33 0.94 0.89 0.84 0.93 0.32 0.81 0.11 0.77 0.67 0.28 0.46 0.7 0.31 0.69 0.92 0.69 0.47 0.92 0.74 0.74 0.18 0.99 0.69 0.92 0.82 0.62 0.95 0.85 0.42 0.3 0.14 0.43 0.73 0.67 0.8 0.18 0.1 0.12 0.87 0.91 0.76 0.81 0.36 0.22 0.36 0.34 0.23 0.94 0.78 0.2 0.41 0.31 0.8 0.4 0.47 0.9 0.84 0.51 0.33
0.95 0.38 0.15 0.28 0.42 0.84 0.25 0.8 0.88 0.29 0.75 0.9 0.29 0.79 0.85 0.22 0.27 0.35 0.89 0.87 0.64 0.32 0.46 0.94 0.22 0.68 0.8 0.79 0.8 0.42 0.82 0.65 0.6 0.8 0.45 0.93 0.7 0.65 0.32 0.69 0.3 0.24 0.25 0.51 0.18 0.47 0.63 0.76 0.71 1.0 0.25 0.17 0.22 0.75 0.84 0.16 0.25 0.66 0.21 0.79 0.14 0.12 0.33 0.42 0.54 0.41 0.6 0.16 0.34 0.4 0.78 0.79 0.42 0.24 0.91 0.83 0.38 0.67 0.62 0.28 0.5 0.4 0.79 0.26 0.97 0.33 0.89 0.83 0.7 0.74 0.17 0.9 0.33 0.7 0.43 0.41 0.62 0.41 0.53 0.47 0.33 0.3 0.77 0.44 0.23 0.65 0.29 0.65 0.41 0.39 0.92 0.45 0.87 0.8 0.68 0.72 0.12 0.68 0.72 0.31 0.28 0.25 0.65 0.85 0.38 0.12 0.95 0.33 0.57 0.7 0.89 0.55 0.24 0.18 0.53 0.56 0.46 0.64 0.36 0.29 0.36 0.22 0.78 0.12 0.78 0.96 0.42 0.24 0.39 0.23 0.71 0.18 0.48 0.62 0.79 0.25 0.52 0.68 0.48 0.12 0.7 0.34 0.6 0.96 0.11 0.93 0.4 0.36 0.75 0.74 0.94 0.11 0.2 0.13 0.81 0.78 0.55 0.27 0.48 0.67 0.91 0.15 0.18 0.14 0.12 0.47 0.77 0.81 0.85 0.34 0.63 0.18 0.81 0.71 0.95 0.99 0.68 0.43 0.29 0.92
0.75 0.97 0.33 0.2 0.62 0.82 0.27 0.73 0.22 0.45 0.39 0.52 0.85 0.78 0.74 0.75 0.44 0.8 0.65 0.2 0.33 0.17 0.38 0.86 0.32 0.69 0.74 0.19 0.32 0.95 0.68 0.28 0.46 0.69 0.75 0.71 0.86 0.88 0.92 0.82 0.61 0.35 0.2 0.65 0.8 0.44 0.67 0.67 0.29 0.86 0.44 0.23 0.62 0.41 0.51 0.7 0.41 0.53 0.51 0.8 0.16 0.5 0.52 0.48 0.81 0.45 0.88 0.9 0.27 0.83 0.8 0.5 0.96 0.23 0.16 0.68 0.28 0.91 0.85 0.42 0.85 0.23 0.4 0.75 0.64 0.1 0.43 0.9 0.62 0.36 0.84 0.26 0.58 0.7 0.16 0.48 0.82 0.87 0.87 0.49 0.86 0.1 0.51 0.31 0.55 0.93 0.17 0.51 0.31 0.12 0.19 0.4 0.42 0.84 0.23 0.95 0.55 0.65 0.47 0.5 0.45 0.33 0.32 0.31 0.38 0.34 0.94 0.77 0.86 0.24 0.17 0.33 0.94 0.19 0.19 0.35 0.6 0.54 0.35 0.41 0.16 0.45 0.5 0.37 0.87 0.1 0.83 0.93 0.3 0.43 0.67 0.95 0.56 0.86 0.76 0.45 0.9 0.76 0.21 0.91 0.17 0.33 0.54 0.44 0.59 0.3 0.59 0.1 0.49 0.43 0.5 0.89 0.53 0.6 0.94 0.29 0.77 0.41 0.21 0.39 0.59 0.78 0.95 0.54 0.16 0.54 0.32 0.56 0.34 0.13 0.95 0.68 0.54 0.77 0.74 0.5 0.22 0.19 0.47 0.14
0.89 0.15 0.51 0.28 0.2 0.71 0.23 0.17 0.46 0.94 0.41 0.96 0.28 0.37 0.63 0.47 0.87 0.62 0.96 0.38 0.48 0.69 0.91 0.57 0.67 0.23 0.85 0.7 0.85 0.3 0.66 0.39 0.29 0.59 0.69 0.16 0.58 0.83 0.33 0.35 0.26 0.44 0.64 0.63 0.45 0.79 0.87 0.8 0.56 0.46 0.75 0.16 0.85 0.72 0.53 0.47 0.66 0.2 0.18 0.94 0.93 0.29 0.62 0.61 0.89 0.61 0.49 0.26 0.99 0.83 0.46 0.61 0.31 0.19 0.67 0.54 0.41 0.26 0.56 0.67 0.28 0.9 0.6 0.52 0.69 0.28 0.87 0.18 0.82 0.91 0.23 0.96 0.11 0.54 0.16 0.17 0.75 0.46 0.19 0.3 0.21 0.16 0.92 0.53 0.11 0.46 0.63 0.66 0.49 0.22 0.2 0.35 0.46 0.39 0.37 0.8 0.63 0.12 0.26 0.6 0.74 0.53 0.7 0.57 0.46 0.6 0.51 0.93 0.27 0.43 0.89 0.56 0.59 0.1 0.65 0.69 0.51 0.6 0.25 0.8 0.18 0.55 0.12 0.91 0.28 0.36 0.77 0.91 0.74 0.36 0.23 0.57 0.49 0.32 0.97 0.26 0.35 0.26 0.81 0.21 0.42 0.74 0.69 0.71 0.85 0.87 0.93 0.76 0.57 0.18 0.52 0.13 0.13 0.88 0.1 0.88 0.79 0.68 0.61 0.76 1.0 0.7 0.51 0.13 0.22 0.86 1.0 0.8 0.55 0.4 0.39 0.39 0.32 0.54 0.54 0.88 0.62 0.36 0.29 0.12
0.26 0.51 0.53 0.83 0.66 0.89 0.87 0.52 0.28 0.57 0.86 0.65 0.42 0.36 0.56 0.2 0.96 0.71 0.38 0.2 0.33 0.99 0.75 0.49 0.14 0.97 0.87 0.42 0.74 0.45 0.94 0.7 0.72 0.36 0.41 0.12 0.42 0.6 0.56 0.49 0.71 0.83 0.45 0.53 0.16 0.98 0.86 0.78 0.13 0.26 0.65 0.65 0.42 0.36 0.44 0.15 0.71 0.58 0.74 0.16 0.73 0.21 0.61 0.25 0.73 0.91 0.13 0.68 0.69 0.69 0.6 0.33 0.89 0.24 0.97 0.56 0.6 0.17 0.95 0.71 0.66 0.26 0.77 0.59 0.51 0.55 0.65 0.31 0.88 0.38 0.21 0.98 0.87 0.82 0.32 0.76 0.55 0.69 0.1 0.14 0.56 0.2 0.46 0.91 0.73 0.59 0.91 0.96 0.6 0.54 0.37 0.56 0.91 0.99 0.1 0.13 0.12 0.31 0.4 0.11 0.65 0.47 0.11 0.55 0.42 0.36 0.86 0.21 0.53 0.85 0.12 0.58 0.45 0.16 0.77 0.93 0.72 0.16 0.85 0.71 0.85 0.2 0.14 0.3 0.8 0.17 0.36 0.6 0.42 0.63 0.53 0.87 0.86 0.5 0.99 0.65 0.4 0.56 0.13 0.22 0.68 0.15 0.8 0.53 0.18 0.51 0.43 0.57 0.57 0.41 0.68 0.87 0.23 0.55 0.8 0.6 0.47 0.58 0.99 0.83 0.92 0.25 0.44 0.95 0.97 0.46 0.12 0.42 0.64 0.59 0.94 0.86 0.24 0.43 0.16 0.78 0.57 0.83 0.75 0.9
0.13 0.26 0.69 0.87 0.46 0.2 0.29 0.87 0.63 0.93 0.7 0.76 0.46 0.76 0.18 0.74 0.25 0.72 0.94 0.91 0.32 0.63 0.7 0.36 0.87 0.88 0.83 0.89 0.14 0.31 0.36 0.44 0.15 0.67 0.86 0.98 0.89 0.38 0.87 0.77 0.87 0.12 0.9 0.17 0.56 0.18 0.83 0.72 0.68 0.35 0.19 0.5 0.63 0.57 0.93 0.51 0.76 0.89 0.93 0.28 0.44 0.69 0.98 0.68 0.77 0.26 0.97 0.67 0.11 0.52 0.16 0.15 0.92 0.28 0.73 0.43 0.63 0.67 0.93 0.15 0.72 0.13 0.56 0.48 0.26 0.65 0.56 0.21 0.41 0.84 0.67 0.95 0.54 0.58 0.85 0.72 0.91 0.44 0.73 0.22 0.75 0.78 0.3 0.35 0.69 0.78 0.91 0.75 0.7 0.89 0.45 0.67 0.79 0.34 0.92 0.6 0.17 0.11 0.8 0.15 0.38 0.39 0.4 0.43 0.28 0.92 0.14 0.6 0.53 0.77 0.11 0.54 0.11 0.5 0.91 0.19 0.42 0.78 0.79 0.95 0.83 0.78 0.31 0.63 0.76 0.73 0.33 0.33 0.63 0.5 0.58 0.63 0.18 0.64 0.23 0.84 0.29 0.93 0.94 0.16 0.52 0.93 0.34 0.97 0.52 0.19 0.53 0.77 0.46 0.69 0.43 0.31 0.61 0.9 0.39 0.93 0.73 0.67 0.38 0.31 0.9 0.33 0.33 0.83 0.49 0.3 0.84 0.14 0.8 0.88 0.95 0.95 0.47 0.72 0.56 0.28 0.32 0.91 0.92 0.14
0.23 0.33 0.25 0.59 0.88 0.39 0.72 0.32 0.82 0.48 0.82 0.95 0.36 0.84 0.29 0.84 0.13 0.96 0.16 0.95 0.57 0.3 0.12 0.75 0.74 0.84 0.14 0.8 0.43 0.14 0.71 0.5 0.24 0.65 0.49 0.94 0.88 0.35 0.88 0.1 0.32 0.42 0.56 0.88 0.83 0.97 0.37 0.17 0.17 0.17 0.42 0.58 0.73 0.13 0.18 0.33 0.55 0.81 0.67 0.77 0.1 0.36 0.76 0.79 0.5 0.17 0.19 0.96 0.25 0.39 0.27 0.49 0.96 0.14 0.91 0.29 0.19 0.73 0.55 0.91 0.98 0.86 0.28 0.43 0.88 0.59 0.9 0.12 0.31 0.71 0.88 0.16 0.36 0.76 0.49 0.2 0.33 0.85 0.78 0.27 0.85 0.82 0.86 0.82 0.36 0.24 0.34 0.47 0.89 0.86 0.46 0.98 0.5 0.55 0.14 0.38 0.99 0.97 0.51 0.21 0.34 0.41 0.52 0.98 0.7 0.54 0.34 0.63 0.63 0.29 0.92 0.52 0.57 0.83 0.41 0.58 0.44 0.58 0.7 0.75 0.26 0.64 0.77 0.35 0.56 0.72 0.55 1.0 0.98 0.53 0.15 0.71 0.35 0.66 0.63 0.99 0.88 0.89 0.24 0.99 0.23 0.81 0.72 0.13 0.51 0.35 0.2 0.29 0.92 0.88 0.54 0.74 0.63 0.81 0.27 0.67 0.56 0.44 0.38 0.52 0.93 0.68 0.47 0.64 0.83 0.3 0.33 0.8 0.64 0.89 0.91 0.26 0.28 0.48 0.14 0.89 0.88 0.15 0.24 0.1
0.91 0.67 0.54 0.51 0.84 0.62 0.71 0.19 0.91 0.4 0.85 0.53 0.16 0.28 0.33 0.57 0.55 0.49 0.89 0.48 0.74 0.99 0.51 0.95 0.45 0.52 1.0 0.52 0.86 0.34 0.55 0.38 0.67 0.64 0.72 0.99 0.82 0.18 0.95 0.78 0.31 0.69 0.38 0.41 0.29 0.98 0.27 0.97 0.36 0.61 0.9 0.62 0.71 0.91 0.94 0.64 0.17 0.4 0.2 0.15 0.52 0.77 0.97 0.17 0.15 0.16 1.0 0.55 0.81 0.14 0.45 0.96 0.14 0.45 0.91 0.71 0.12 0.36 0.12 0.89 0.36 0.94 0.71 0.11 0.84 0.44 0.79 0.92 0.32 0.2 0.94 0.81 0.46 0.77 0.73 0.71 0.49 0.87 0.46 0.81 0.38 0.16 0.23 0.68 0.71 0.56 0.6 0.14 0.53 0.73 0.14 0.76 0.59 0.44 0.87 0.72 0.49 0.89 0.23 0.87 0.64 0.28 0.61 0.27 0.77 0.13 0.65 0.69 0.53 0.31 0.55 0.44 0.49 0.65 0.53 0.84 0.74 0.62 0.58 0.11 0.94 0.64 0.77 0.57 0.89 0.91 0.41 0.79 0.69 0.97 0.78 0.41 0.37 0.21 0.23 0.91 0.57 0.26 0.19 0.78 0.78 0.1 0.48 0.51 0.77 0.47 0.54 0.36 0.58 0.98 0.67 0.56 0.32 0.49 0.62 0.27 0.78 0.97 0.72 0.58 0.66 0.83 0.61 0.24 0.79 0.51 0.23 0.38 0.11 0.61 0.73 0.89 0.95 0.41 0.31 0.71 0.81 0.17 0.8 0.64
0.88 0.83 0.64 0.43 0.58 0.94 0.92 0.87 0.88 0.29 0.82 0.31 0.39 0.68 0.73 0.61 0.57 0.81 0.34 0.17 0.23 0.66 0.51 0.48 0.54 0.46 0.45 0.33 0.99 0.64 0.87 0.42 0.77 0.25 0.13 0.49 0.16 0.17 0.65 0.6 0.37 0.39 0.77 0.15 0.16 0.15 0.99 0.82 0.71 0.6 0.88 0.16 0.84 0.4 0.84 0.79 0.41 0.7 0.86 0.57 0.69 0.85 0.18 0.42 0.23 0.91 0.6 0.26 0.36 0.58 0.84 0.49 1.0 0.6 0.67 0.26 0.56 0.13 0.42 0.66 0.56 0.29 0.25 0.89 0.74 0.78 0.28 0.13 0.89 0.38 0.71 0.99 0.37 0.48 0.19 0.67 0.67 0.87 0.53 0.39 0.44 0.76 0.85 0.15 0.65 0.64 0.43 0.48 0.13 0.58 0.43 0.97 0.8 0.97 0.34 0.95 0.77 0.45 0.13 0.53 0.75 0.59 0.88 0.77 0.22 0.92 0.41 0.49 0.72 0.67 0.41 0.49 0.36 0.86 0.46 0.9 0.81 0.18 0.29 0.67 0.88 0.64 0.2 0.71 0.29 0.22 0.75 0.63 0.13 0.17 0.71 0.78 0.37 0.91 0.39 0.23 0.22 0.55 0.49 0.43 0.42 0.65 0.71 0.2 0.46 0.26 0.39 0.19 0.33 0.53 0.23 0.28 0.29 0.66 0.95 0.34 0.21 0.59 0.28 0.89 0.23 0.45 0.35 0.26 0.65 0.64 0.31 0.18 0.45 0.27 0.57 0.22 0.69 0.28 0.92 0.33 0.44 0.15 0.92 0.17
0.52 0.76 0.72 0.17 0.5 0.87 0.81 0.89 0.52 0.96 0.54 0.9 0.8 0.2 0.13 0.23 0.93 0.16 0.42 0.49 0.57 0.81 0.85 0.98 0.28 0.1 0.22 0.97 0.18 0.53 0.82 0.86 0.65 0.71 0.83 0.8 0.36 0.6 0.63 0.36 0.91 0.62 0.24 0.45 0.76 0.65 0.64 0.45 0.88 0.84 0.67 0.1 0.97 0.79 0.46 0.62 0.96 0.48 0.54 0.24 0.95 0.1 0.77 0.71 0.96 0.52 0.5 0.1 0.95 1.0 0.74 0.18 0.33 0.37 0.38 0.32 0.9 0.2 0.16 0.28 0.88 0.16 0.36 0.64 0.19 0.27 0.6 0.69 0.97 0.32 0.48 0.64 0.62 0.18 1.0 0.32 0.24 0.11 0.35 0.63 0.3 0.27 0.34 0.52 0.81 0.23 0.97 0.27 0.54 0.59 0.89 0.66 0.51 0.18 0.86 0.4 0.56 0.42 0.57 0.79 0.66 0.25 0.92 0.57 0.37 0.64 0.27 0.51 0.38 0.63 0.22 0.71 0.41 0.3 0.15 0.86 0.34 0.33 0.34 0.62 0.47 0.92 0.21 0.99 0.93 0.51 0.65 0.89 0.84 0.99 0.47 0.44 0.77 0.15 0.77 0.36 0.29 0.81 0.77 0.13 0.97 0.18 0.62 0.84 0.84 0.41 0.94 0.45 0.46 0.11 0.82 0.72 0.89 0.28 0.54 0.98 0.21 0.49 0.87 0.14 0.43 0.32 0.36 1.0 0.3 0.52 0.65 0.81 0.38 0.32 0.88 0.95 0.98 0.96 0.6 0.57 0.16 0.68 0.44 0.8
0.78 0.59 0.8 0.36 0.73 0.32 0.99 0.89 0.57 0.13 0.64 0.7 0.18 0.3 0.55 0.99 0.57 0.3 0.7 0.76 0.81 0.1 0.52 0.98 0.84 0.85 0.11 0.73 0.23 0.85 0.54 0.38 0.16 0.91 0.18 0.38 0.86 0.89 0.65 0.7 0.5 0.73 0.23 0.32 0.74 0.61 0.19 0.39 0.2 0.83 0.25 0.92 0.8 0.81 0.15 0.96 0.85 0.46 0.54 0.43 0.9 0.33 0.73 0.83 0.99 0.75 0.75 0.55 0.57 0.41 0.51 0.88 0.29 0.54 0.72 0.73 0.32 0.89 0.26 0.76 0.92 0.3 0.19 0.19 0.31 0.46 0.28 0.84 0.13 0.22 0.49 0.72 0.95 0.14 0.86 0.81 0.82 0.17 0.56 0.51 0.58 0.48 0.22 0.99 0.13 0.53 0.42 0.13 0.46 0.88 0.46 0.37 0.65 0.63 0.83 0.68 0.47 0.92 0.96 0.15 0.34 0.68 0.43 0.98 0.12 0.35 0.6 0.6 0.62 0.79 0.59 0.65 0.3 0.26 0.27 0.2 0.19 0.16 0.52 0.55 0.68 0.25 0.84 0.54 0.94 0.16 0.23 0.99 0.1 0.75 0.75 0.46 0.62 0.11 0.91 0.44 0.18 0.75 0.55 0.43 0.34 0.88 0.73 0.54 0.49 0.85 0.36 0.98 0.93 0.5 0.37 0.93 1.0 0.66 0.47 0.11 0.74 0.77 0.36 0.76 0.99 0.41 0.75 0.39 0.87 0.47 0.28 0.88 0.64 0.45 0.15 0.69 0.18 0.81 1.0 0.65 0.26 0.28 0.94 0.31
